
117,2000,154,1315,1.937,160,15.17,73.4,96.2,820,33.48,310.1,17.02
117,2000,154,1330,2.461,151.8,16,70.7,96.2,1065,40.57,310.1,17.88
117,2000,154,1345,2.3,155.7,15.59,72.7,96.2,944,36.16,310.1,-6999
117,2000,154,1400,2.211,164.1,15.64,73.2,96.2,606.5,22.51,310.1,17.54
117,2000,154,1415,2.505,151.3,15.73,72.7,96.2,798,27.85,310.1,18.15
117,2000,154,1430,1.775,158.2,16.03,72.5,96.2,470.1,16.23,310.1,17.95
117,2000,154,1445,1.298,118,15.59,75,96.1,228.6,7.25,310.1,-6999
117,2000,154,1500,1.691,127.6,15.11,77.4,96.1,153.2,4.488,310.1,15.85
117,2000,154,1515,1.439,131.2,14.87,79.7,96.1,185.8,4.888,310.1,15.67
117,2000,154,1530,1.363,110,15.07,79.4,96.1,262.5,6.628,310.1,15.87
117,2000,154,1545,1.376,133.4,15.47,77.9,96.1,428.6,10.11,310.1,16.61
117,2000,154,1600,1.739,168.6,16.17,75.6,96.1,758,14.7,310.1,-6999
117,2000,154,1615,1.216,223.9,16.58,75.2,96.1,550.1,10.17,310.1,17.74
117,2000,154,1630,1.326,207.1,17.28,73.9,96,734,9.48,310.1,18.37
117,2000,154,1645,1.336,243.2,17.73,73.3,96,551.9,7.21,310.1,-6999
117,2000,154,1700,1.099,192.9,17.23,77.4,96,222.1,3.294,310.1,17.8
117,2000,154,1715,1.37,129.2,16.93,78.8,96,104,1.139,310.1,17.28
117,2000,154,1730,1.372,117.6,16.09,82.2,96,40.92,.393,310,-6999
117,2000,154,1745,1.423,169.6,15.37,88.4,96,39.79,.311,310,15.33
117,2000,154,1800,3.073,177.2,14.61,93.9,96,49.98,.203,310,14.13
117,2000,154,1815,1.393,107.7,14,96.4,96,78.1,.232,310.1,-6999
117,2000,154,1830,.882,122.1,14.15,96.6,96,185.5,.227,310.1,-6999
117,2000,154,1845,.837,161.4,14.16,95.7,96.1,93.6,.249,310,-6999
117,2000,154,1900,1.64,227.8,13.86,97,96.1,25.21,.144,310.1,13.78
117,2000,154,1915,2.284,237,14.26,95.2,96.1,10.12,.113,310.1,-6999
117,2000,154,1930,1.799,174.8,14.35,92.3,96.2,7.21,.11,310.1,13.99
117,2000,154,1945,2.186,224.5,14.11,90.8,96.2,2.734,.102,310.1,13.78
117,2000,154,2000,1.946,259.8,13.8,91.1,96.2,.663,.094,310.1,13.49
117,2000,154,2015,1.571,205.5,13.41,90.7,96.2,-.221,.092,310.1,12.96
117,2000,154,2030,1.838,237,13.02,90.1,96.2,-.477,.091,310.1,12.64
117,2000,154,2045,1.897,214.1,12.7,90.5,96.3,-.508,.092,310.1,12.32
117,2000,154,2100,2.328,199.7,12.44,90.7,96.3,-.477,.091,310.1,12.24
117,2000,154,2115,4.465,198.4,11.49,90,96.4,-.409,.092,310.1,11.2
117,2000,154,2130,5.552,165,10.36,90.5,96.4,-.477,.091,310.1,10.16
117,2000,154,2145,5.187,195.2,9.4,91,96.4,-.498,.092,310.1,-6999
117,2000,154,2200,4.446,154.2,9.02,91.2,96.5,-.583,.092,310.1,8.91
117,2000,154,2215,4.033,229,8.87,90.3,96.5,-.491,.091,310.1,8.79
117,2000,154,2230,4.041,219.6,8.48,88.3,96.6,-.516,.091,310.1,-6999
117,2000,154,2245,4.658,237.7,8.04,87.8,96.6,-.614,.092,310.1,-6999
117,2000,154,2300,5.195,188.5,7.81,86.8,96.6,-.682,.092,310.1,7.7
117,2000,154,2315,5.049,210.6,7.65,85.6,96.7,-.616,.091,310.1,7.5
117,2000,154,2330,4.287,179.7,7.58,86.1,96.7,-.607,.09,310.1,7.42
117,2000,154,2345,4.653,230.1,7.51,85.4,96.7,-.69,.091,310.1,-6999
117,2000,155,0,3.812,220.5,7.45,85.4,96.8,-.672,.091,310.1,-6999
117,2000,155,15,4.079,230.7,7.42,84.1,96.8,-.679,.09,310.1,7.26
117,2000,155,30,2.905,232.2,7.42,85.3,96.8,-.695,.09,310.1,7.27
117,2000,155,45,4.391,220.6,7.39,84.1,96.8,-.648,.091,310.1,-6999
117,2000,155,100,4.046,246.5,7.3,83.2,96.9,-.665,.091,310.2,-6999
117,2000,155,115,4.019,228.1,7.24,82.9,96.9,-.581,.091,310.2,6.978
117,2000,155,130,4.211,248,7.07,82.8,96.9,-.677,.091,310.2,-6999
117,2000,155,145,4.575,253.2,6.931,82.7,96.9,-.643,.09,310.2,6.461
117,2000,155,200,3.874,214.1,6.861,82.3,96.9,-.673,.09,310.2,6.38
117,2000,155,215,3.31,238.5,6.795,82.3,97,-.612,.09,310.2,-6999
117,2000,155,230,3.673,268.7,6.69,83.1,97,-.58,.091,310.2,-6999
117,2000,155,245,4.339,263.7,6.619,82.9,97,-.629,.09,310.2,6.092
117,2000,155,300,4.455,265.9,6.443,84,97,-.635,.091,310.2,5.939
117,2000,155,315,4.715,285.8,6.4,84.4,97,-.648,.09,310.2,5.86
117,2000,155,330,5.087,291.7,6.388,84.5,97.1,-.462,.091,310.2,-6999
117,2000,155,345,4.522,278.2,6.3,84.9,97.1,.017,.091,310.2,-6999
117,2000,155,400,4.384,287.7,6.218,85.2,97.1,3.234,.096,310.2,5.693
117,2000,155,415,4.221,289,6.058,86.2,97.1,13.78,.112,310.2,-6999
117,2000,155,430,3.989,268.3,5.839,87.2,97.2,36.4,.131,310.2,5.33
117,2000,155,445,4.659,296.4,5.901,86.4,97.2,77,.152,310.2,5.416
117,2000,155,500,5.233,290.9,5.997,85.2,97.2,140,.185,310.3,5.742
117,2000,155,515,4.828,285.8,6.159,83.8,97.2,211.4,.235,310.3,5.944
117,2000,155,530,4.943,280.8,6.363,82.3,97.3,285.4,.327,310.3,6.401
117,2000,155,545,5.035,273.9,6.612,80.8,97.3,366.7,.495,310.3,6.991
117,2000,155,600,4.869,289.1,6.89,79.1,97.3,453,.784,310.3,7.54
117,2000,155,615,4.732,296.1,7.32,77.3,97.3,540.8,1.257,310.3,8.13
117,2000,155,630,3.989,276.3,7.91,74.4,97.3,629,1.999,310.3,9.12
117,2000,155,645,3.427,283.6,8.9,69.61,97.3,723,3.082,310.3,9.48
117,2000,155,700,2.923,239.5,9.66,66.59,97.4,812,4.503,310.3,-6999
117,2000,155,715,3.547,260.8,10.28,63.24,97.4,902,6.334,310.3,-6999
117,2000,155,730,2.65,212.7,10.91,60.17,97.4,992,8.66,310.3,10.53
117,2000,155,745,3.097,262.4,11.58,56.21,97.4,1080,11.21,310.3,11.09
117,2000,155,800,4.314,194.6,11.8,53.95,97.5,1162,14.08,310.2,11.46
117,2000,155,815,4.03,193.4,12.24,52.47,97.5,1243,17.35,310.2,12
117,2000,155,830,3.615,224.5,12.87,50.32,97.5,1320,21.13,310.2,-6999
117,2000,155,845,3.919,196.3,13.13,48.94,97.5,1395,25.33,310.2,17.65
117,2000,155,900,3.663,254.2,13.45,46.31,97.5,1465,29.65,310.2,14.71
117,2000,155,915,3.514,275.3,13.82,45.34,97.5,1528,33.87,310.2,14.05
117,2000,155,930,3.657,232.9,14.12,44.54,97.5,1587,38.2,310.2,14.36
117,2000,155,945,2.859,214.4,14.82,41.99,97.5,1642,42.67,310.2,-6999
117,2000,155,1000,3.124,219.4,15.39,41.95,97.5,1691,46.72,310.2,15.72
117,2000,155,1015,3.053,207.4,15.77,40.37,97.5,1736,50.3,310.2,16.18
117,2000,155,1030,2.689,236.8,16.12,40.63,97.5,1775,53.27,310.2,16.55
117,2000,155,1045,3.217,246.7,16.17,39.11,97.5,1808,56.25,310.2,16.71
117,2000,155,1100,2.643,249.8,16.31,37.18,97.5,1834,58.63,310.2,-6999
117,2000,155,1115,3.264,236.9,16.54,36.56,97.5,1854,60.47,310.2,17.26
117,2000,155,1130,3.441,245.7,16.81,37.42,97.5,1872,61.66,310.2,-6999
117,2000,155,1145,3.989,249.7,16.63,35.24,97.5,1896,62.45,310.2,17.66
117,2000,155,1200,3.478,245.9,16.88,34.4,97.4,1932,63.05,310.2,17.92
117,2000,155,1215,4.976,254,16.68,36.01,97.4,1898,62.06,310.2,18.1
117,2000,155,1230,4.627,241.9,16.95,35.89,97.4,1653,54.49,310.2,-6999
117,2000,155,1245,3.983,243.4,17.11,34.94,97.4,1675,53.91,310.2,-6999
117,2000,155,1300,3.211,230,17.33,34.56,97.4,1189,40.1,310.2,18.78
117,2000,155,1315,4.275,248.1,17.36,34.86,97.4,1175,38.61,310.2,-6999
117,2000,155,1330,3.676,236.1,17.73,34.29,97.3,1506,44.26,310.1,-6999
117,2000,155,1345,3.507,235.8,17.52,33.78,97.4,1021,29.4,310.1,18.97
117,2000,155,1400,3.335,242.1,17.39,35.04,97.3,762,25.19,310.1,-6999
117,2000,155,1415,4.382,246.6,18.11,33.63,97.3,1509,36.16,310.1,19.2
117,2000,155,1430,4.283,241.2,18.19,34.11,97.3,1397,33.13,310.1,19.41
117,2000,155,1445,4.092,246.5,18.49,34.1,97.3,1192,27.3,310.1,19.67
117,2000,155,1500,3.493,214.9,17.09,37.81,97.3,194.3,5.144,310.1,-6999
117,2000,155,1515,3.945,235.1,13.33,65.31,97.4,97.4,1.993,310.1,12.57
117,2000,155,1530,2.385,233.1,12.05,81.3,97.4,1102,17.04,310.1,-6999
117,2000,155,1545,2.965,245,13.34,75.9,97.4,843,12.58,310.1,14.36
117,2000,155,1600,2.889,249.5,13.66,73.6,97.4,876,10.64,310.1,-6999
117,2000,155,1615,2.291,245.2,14.89,67.19,97.4,1067,10.2,310.1,-6999
117,2000,155,1630,3.795,252.1,15.48,58.28,97.4,980,7.87,310.1,15.68
117,2000,155,1645,3.008,263.9,15.78,53.02,97.4,885,5.698,310.1,-6999
117,2000,155,1700,2.413,259.3,16.36,51.52,97.4,792,4.01,310.1,16.15
117,2000,155,1715,3.189,260.2,16.43,49.81,97.4,701,2.717,310.1,16.18
117,2000,155,1730,2.473,257.8,16.37,50.18,97.4,609,1.772,310.1,16.22
117,2000,155,1745,3.271,246,16.39,50.74,97.4,513.7,1.115,310.1,-6999
117,2000,155,1800,2.564,248.2,15.95,53.1,97.4,416,.678,310.1,15.71
117,2000,155,1815,1.904,243.2,15.8,54.04,97.4,336.7,.425,310.1,-6999
117,2000,155,1830,1.855,240.1,15.39,56.07,97.4,251.5,.288,310.1,14.65
117,2000,155,1845,2.075,254,14.49,59.34,97.4,105.1,.215,310.1,-6999
117,2000,155,1900,1.542,214.6,14.1,59.08,97.4,72.2,.173,310.1,-6999
117,2000,155,1915,1.706,233.6,13.81,56.43,97.5,47.87,.146,310.1,-6999
117,2000,155,1930,1.137,222.8,13.45,54.81,97.5,24.33,.125,310.1,-6999
117,2000,155,1945,1.45,279.9,12.66,61.4,97.5,8.25,.109,310.1,-6999
117,2000,155,2000,.936,193.4,12.23,56.96,97.5,1.321,.094,310.1,11.36
117,2000,155,2015,1.21,245.3,11.44,64.56,97.5,-.328,.092,310.1,10.41
117,2000,155,2030,1.517,276.8,10.71,72.8,97.5,-.59,.091,310.1,9.86
117,2000,155,2045,1.899,284.9,10.67,67.19,97.6,-.606,.091,310.1,9.86
117,2000,155,2100,1.835,235.3,10.57,65.56,97.6,-.642,.091,310.1,9.62
117,2000,155,2115,2.259,257.6,10.74,59.34,97.6,-.685,.09,310.1,-6999
117,2000,155,2130,1.828,243,10.88,54.76,97.6,-.661,.09,310.1,10.3
117,2000,155,2145,1.068,173.7,10.62,56.05,97.6,-.605,.09,310.1,9.87
117,2000,155,2200,.979,179.6,10.21,55.46,97.6,-.599,.091,310.1,-6999
117,2000,155,2215,1.349,156.4,9.9,57.83,97.6,-.632,.091,310.1,9.13
117,2000,155,2230,1.339,190.2,9.45,65.56,97.6,-.612,.091,310.1,-6999
117,2000,155,2245,1.377,311.2,8.51,72.4,97.6,-.755,.091,310.1,-6999
117,2000,155,2300,1.573,254.9,8.18,70.6,97.6,-.616,.09,310.1,-6999
117,2000,155,2315,1.846,257.5,8.47,66.22,97.6,-.529,.091,310.1,7.91
117,2000,155,2330,2.013,235,8.81,64.57,97.6,-.662,.091,310.1,8.34
117,2000,155,2345,2.252,238.3,8.88,62.19,97.6,-.593,.091,310.1,-6999
117,2000,156,0,2.131,270.8,8.79,60.91,97.6,-.623,.091,310.1,-6999
117,2000,156,15,1.714,265.3,8.38,66.89,97.6,-.574,.09,310.1,7.71
117,2000,156,30,1.371,303.1,8.27,69.3,97.7,-.596,.091,310.1,7.79
117,2000,156,45,1.287,290.1,8.23,71.6,97.7,-.678,.091,310.1,7.79
117,2000,156,100,.819,283.8,8.1,75.4,97.7,-.635,.09,310.1,7.59
117,2000,156,115,.767,206.2,7.65,78,97.7,-.499,.091,310.1,-6999
117,2000,156,130,.747,173.8,7.41,73.4,97.7,-.617,.091,310.1,7.26
117,2000,156,145,.703,81.5,7.46,75.9,97.7,-.622,.091,310.1,-6999
117,2000,156,200,.514,159.9,7.4,79.7,97.7,-.708,.091,310.1,7.18
117,2000,156,215,.617,181.5,7.44,79.9,97.7,-.54,.091,310.1,-6999
117,2000,156,230,1.756,42.72,7.52,75.2,97.7,-.649,.091,310.1,7.26
117,2000,156,245,2.204,39.07,7.49,67.6,97.7,-.66,.091,310.1,-6999
117,2000,156,300,1.812,103.9,7.29,69.74,97.7,-.666,.09,310.1,-6999
117,2000,156,315,1.398,52.16,6.905,75.4,97.7,-.679,.091,310.2,-6999
117,2000,156,330,1.934,42.25,6.621,74,97.7,-.598,.091,310.2,6.265
117,2000,156,345,1.24,87.1,6.462,77.4,97.7,-.446,.091,310.2,6.184
117,2000,156,400,1.674,52.75,6.256,76.8,97.8,.334,.091,310.2,6.014
117,2000,156,415,1.867,43.33,6.142,73.7,97.8,3.237,.097,310.2,5.827
117,2000,156,430,1.958,41.65,6.165,68.42,97.8,8.72,.102,310.2,5.927
117,2000,156,445,1.862,35.63,6.174,67.84,97.8,14.44,.108,310.2,-6999
117,2000,156,500,1.82,49.4,6.128,67.12,97.8,37.41,.13,310.2,-6999
117,2000,156,515,1.32,79,6.318,63.4,97.8,70.1,.165,310.2,-6999
117,2000,156,530,1.239,44.74,6.472,67.22,97.8,112.6,.252,310.2,-6999
117,2000,156,545,1.731,43.31,6.55,67.33,97.8,158.8,.37,310.2,6.541
117,2000,156,600,1.421,79.3,6.861,65.57,97.8,184.1,.491,310.2,-6999
117,2000,156,615,1.006,65.45,6.846,63.94,97.8,122.5,.494,310.2,-6999
117,2000,156,630,1.948,227.6,6.719,66.96,97.8,125.5,.627,310.2,-6999
117,2000,156,645,1.754,204,6.589,69.78,97.8,216.4,1.332,310.2,6.83
117,2000,156,700,2.094,96.1,6.827,67.74,97.8,360.8,2.638,310.2,7.27
117,2000,156,715,2.191,166.9,7.3,68.83,97.8,340.4,3.086,310.2,-6999
117,2000,156,730,1.667,188.6,7.09,69.37,97.8,143.6,1.695,310.2,7.36
117,2000,156,745,1.146,123,7,68.1,97.9,121.1,1.662,310.2,-6999
117,2000,156,800,1.372,56.81,7.08,66.7,97.8,263.3,3.884,310.2,-6999
117,2000,156,815,1.381,53.96,7.53,64.47,97.8,435.4,7.23,310.2,8.43
117,2000,156,830,1.383,104.7,8.23,59.78,97.8,588.9,10.72,310.1,-6999
117,2000,156,845,.988,127.4,8.56,57.52,97.8,629.7,12.74,310.1,10.22
117,2000,156,900,1.332,106.7,9.66,53.88,97.8,1185,22.88,310.1,-6999
117,2000,156,915,1.923,86,9.97,51.04,97.8,1607,30.1,310.1,12.16
117,2000,156,930,1.548,102.9,10.22,50.22,97.8,875,20.93,310.1,11.78
117,2000,156,945,1.622,115.1,10.38,52.15,97.8,528,14.6,310.1,-6999
117,2000,156,1000,1.974,62.53,9.83,55.43,97.8,374.5,11.05,310.1,10.72
117,2000,156,1015,2.242,46.51,9.46,56.95,97.8,296.4,9.02,310.1,-6999
117,2000,156,1030,2.084,41.12,9.23,59.79,97.8,266.2,8.26,310.1,9.82
117,2000,156,1045,1.955,48.38,9.1,61.87,97.8,275.8,8.76,310.1,-6999
117,2000,156,1100,1.624,50.31,9.13,63.49,97.8,476.3,15.3,310.1,9.74
117,2000,156,1115,1.747,75.8,9.7,59.7,97.8,749,24.18,310.1,11.23
117,2000,156,1130,1.963,101.8,9.81,55.69,97.8,485.8,16.34,310.1,11.06
117,2000,156,1145,1.566,123.8,9.62,54.35,97.8,425.2,14.23,310.1,10.89
117,2000,156,1200,2.255,146.1,9.6,56.44,97.8,377.5,12.35,310.1,-6999
117,2000,156,1215,2.152,128,9.85,53.09,97.8,638.4,20.68,310.1,10.81
117,2000,156,1230,2.672,77.6,9.69,48.57,97.8,512.9,16.91,310.1,-6999
117,2000,156,1245,4.07,174.8,8.48,63.08,97.9,340,11.05,310.1,-6999
117,2000,156,1300,3.684,158.5,7.9,65.46,97.9,459.3,14.83,310.1,8.58
117,2000,156,1315,3.312,150.9,7.67,68.67,97.9,323.9,10.16,310.1,-6999
117,2000,156,1330,3.627,81,7.22,73.2,97.8,317.9,9.58,310.1,-6999
117,2000,156,1345,2.842,147.1,6.83,76.6,97.8,247.9,6.626,310.1,6.988
117,2000,156,1400,2.186,151.3,6.53,83.8,97.8,250,6.401,310.1,-6999
117,2000,156,1415,1.066,228.6,6.6,88.5,97.9,327.4,8.31,310.1,-6999
117,2000,156,1430,1.396,254.7,6.602,86.4,97.9,497.2,11.47,310.1,-6999
117,2000,156,1445,1.169,258.6,6.931,84.8,97.9,418.7,9.49,310.1,-6999
117,2000,156,1500,1.603,207.3,7.08,86.7,97.9,430.8,8.77,310.1,7.94
117,2000,156,1515,1.569,241.3,7.03,86,97.9,355,6.188,310.1,-6999
117,2000,156,1530,1.562,182.9,7,83.5,97.9,298.2,5.053,310.1,7.75
117,2000,156,1545,.975,196.6,7.15,83.9,97.8,383.2,5.583,310.1,7.95
117,2000,156,1600,1.102,173.4,7.72,80.4,97.8,631.9,6.836,310.1,-6999
117,2000,156,1615,1.136,188.7,8.92,70.9,97.8,810,7.38,310.1,10.15
117,2000,156,1630,.791,117.4,8.65,69.05,97.8,447.5,3.921,310.1,-6999
117,2000,156,1645,.607,148.8,8.92,69.78,97.8,355.5,2.484,310.1,9.77
117,2000,156,1700,.908,246.5,9.63,66.38,97.8,612.2,2.24,310.1,10.48
117,2000,156,1715,1.164,256.8,10.1,62.38,97.8,651.6,1.891,310.1,10.57
117,2000,156,1730,1.071,213.7,11.11,58.08,97.8,662.1,1.296,310.1,10.73
117,2000,156,1745,1.121,288.4,10.87,59.14,97.8,528.8,.822,310.1,10.72
117,2000,156,1800,.692,265,11.44,61.29,97.8,436.4,.522,310.1,9.95
117,2000,156,1815,.901,253.7,11.4,63.67,97.8,349.3,.345,310.1,9.3
117,2000,156,1830,1.149,236.4,10.99,69.32,97.8,268.5,.246,310.1,8.65
117,2000,156,1845,1.75,255,8.74,78.4,97.8,106.6,.192,310.1,8.07
117,2000,156,1900,1.414,261.7,8,84.6,97.8,66.68,.159,310.1,7.61
117,2000,156,1915,1.645,265.8,7.29,90.1,97.8,46.51,.136,310.1,7.04
117,2000,156,1930,1.347,257.1,6.851,92.3,97.8,25.3,.119,310.1,6.619
117,2000,156,1945,1.051,256.7,6.273,93.1,97.8,9.35,.106,310.1,6.067
117,2000,156,2000,.824,267.6,5.588,94.1,97.9,1.659,.093,310.1,-6999
117,2000,156,2015,1.083,276.1,5.304,95.4,97.9,-.189,.092,310.1,-6999
117,2000,156,2030,1.24,265.3,5.152,95.8,97.9,-.658,.091,310.1,4.72
117,2000,156,2045,.477,300.1,4.774,95.1,97.9,-.613,.091,310.1,-6999
117,2000,156,2100,.514,312.9,4.414,95.6,97.9,-.777,.091,310.1,-6999
117,2000,156,2115,.824,302.9,4.226,96.4,97.9,-.565,.092,310.1,-6999
117,2000,156,2130,.692,289.2,4.25,97,97.9,-.653,.09,310.1,3.597
117,2000,156,2145,1.019,295.3,3.997,96.9,97.9,-.617,.09,310.1,-6999
117,2000,156,2200,1.293,276.1,4.347,98,97.9,-.67,.09,310.1,-6999
117,2000,156,2215,1.281,265.3,4.348,97.8,97.9,-.676,.091,310.1,-6999
117,2000,156,2230,1.091,266.3,4.105,97.8,97.9,-.646,.09,310.1,-6999
117,2000,156,2245,1.263,279.1,3.953,97.9,97.9,-.666,.091,310.1,-6999
117,2000,156,2300,1.513,286.4,3.972,98.1,97.9,-.7,.09,310.1,-6999
117,2000,156,2315,1.055,273.2,3.975,98.1,97.9,-.688,.09,310.1,3.24
117,2000,156,2330,1.262,271.2,3.808,97.9,97.9,-.569,.09,310.1,-6999
117,2000,156,2345,1.705,269,3.813,98.2,97.9,-.626,.09,310.1,3.222
117,2000,157,0,1.353,309.6,3.707,97.9,97.9,-.711,.09,310.1,-6999
117,2000,157,15,1.852,289.4,3.578,97.6,97.9,-.62,.09,310.1,2.718
117,2000,157,30,2.063,290.8,3.516,97.8,97.9,-.587,.09,310.1,2.624
117,2000,157,45,1.703,308.6,3.757,97.2,97.9,-.79,.09,310.1,2.669
117,2000,157,100,1.598,297.7,3.733,97.2,97.9,-.611,.091,310.1,-6999
117,2000,157,115,1.788,314,3.754,97,97.9,-.732,.09,310.1,2.996
117,2000,157,130,1.811,317.9,3.627,96.8,97.9,-.587,.09,310.1,-6999
117,2000,157,145,1.752,305.3,3.452,96.8,97.9,-.693,.091,310.1,-6999
117,2000,157,200,2.05,287.8,3.338,96.9,97.9,-.703,.09,310.1,-6999
117,2000,157,215,1.775,303.1,3.297,96.9,98,-.625,.09,310.1,-6999
117,2000,157,230,1.823,329.2,3.255,97.1,98,-.741,.09,310.1,-6999
117,2000,157,245,1.853,328.9,3.209,96.8,97.9,-.647,.09,310.1,-6999
117,2000,157,300,1.775,312.6,3.171,96.4,97.9,-.696,.09,310.1,2.344
117,2000,157,315,1.873,321.8,3.039,97.3,97.9,-.598,.091,310.1,2.242
117,2000,157,330,1.753,307.9,3.144,97.5,97.9,-.568,.09,310.1,2.354
117,2000,157,345,1.638,303.6,3.197,97.8,98,.127,.091,310.1,2.443
117,2000,157,400,1.199,293.2,3.043,97.6,98,4.029,.096,310.1,-6999
117,2000,157,415,.861,220.8,2.864,97.6,98,16.01,.112,310.1,1.868
117,2000,157,430,1.127,294.7,2.915,97.7,98,40.94,.128,310.1,-6999
117,2000,157,445,1.3,295.8,3.217,97.5,98,84.7,.15,310.2,2.257
117,2000,157,500,1.299,278.1,3.955,95.5,98,150.7,.179,310.2,-6999
117,2000,157,515,1.462,279.3,4.432,93.6,98,233.3,.225,310.2,4.13
117,2000,157,530,1.341,243,4.998,91.4,98,311.8,.309,310.2,-6999
117,2000,157,545,.735,275.4,5.501,92.1,98,396.2,.469,310.2,-6999
117,2000,157,600,.659,261.1,6.073,91.9,98,478.5,.75,310.2,-6999
117,2000,157,615,.553,139,6.858,89.6,98,574.5,1.218,310.2,7.63
117,2000,157,630,1.198,73.9,8.29,81.2,98,636.9,1.909,310.2,-6999
117,2000,157,645,1.912,94.8,9.77,68.52,98.1,734,2.934,310.2,-6999
117,2000,157,700,2.254,72.4,10.08,62.71,98.1,818,4.295,310.2,-6999
117,2000,157,715,1.651,107,10.63,60.32,98.1,862,5.902,310.2,9.88
117,2000,157,730,1.738,97.2,11.07,58.62,98.1,958,8.04,310.2,10.32
117,2000,157,745,1.917,77.8,11.08,58.7,98.1,1036,10.48,310.2,10.42
117,2000,157,800,1.811,114.7,11.49,58.79,98.1,1141,13.39,310.2,10.99
117,2000,157,815,1.875,120.3,11.97,56.98,98.1,1254,16.8,310.2,-6999
117,2000,157,830,1.582,121.9,12.97,54.16,98.1,1327,20.26,310.2,13.06
117,2000,157,845,1.971,158.5,13.25,51.12,98.1,1403,23.96,310.2,-6999
117,2000,157,900,2.067,161,13.6,50.18,98.1,1488,27.87,310.2,-6999
117,2000,157,915,2.547,148.3,13.51,46.12,98.1,1590,31.96,310.2,-6999
117,2000,157,930,2.77,141.4,13.58,43.19,98.1,1684,36.33,310.2,-6999
117,2000,157,945,2.469,132.1,14.07,35.11,98.1,1722,39.84,310.2,15.47
117,2000,157,1000,2.543,168.5,14.61,36.04,98.1,1829,44.18,310.1,16.29
117,2000,157,1015,2.72,187.2,14.62,36.12,98.1,1755,45.81,310.1,-6999
117,2000,157,1030,2.491,112,14.46,34.81,98.1,1903,50.91,310.1,-6999
117,2000,157,1045,1.988,151.6,15.12,34.13,98.1,1916,53.64,310.1,-6999
117,2000,157,1100,2.253,159,15.19,33.34,98,1813,53.87,310.1,-6999
117,2000,157,1115,2.714,188.6,14.99,33.11,98,1821,55.1,310.1,16.15
117,2000,157,1130,2.319,148,15.16,32.32,98,1878,56.7,310.1,16.71
117,2000,157,1145,1.964,164.3,15.72,30.4,98,1868,57,310.1,16.66
117,2000,157,1200,2.241,122.9,15.21,29.14,98,1848,55.54,310.1,-6999
117,2000,157,1215,1.899,97.7,15.36,29.75,98,1875,55.47,310.1,16.6
117,2000,157,1230,2.734,114.6,15.81,25.16,98,1691,50.39,310.1,-6999
117,2000,157,1245,2.181,115.8,15.89,25.75,98,1599,47.33,310.1,-6999
117,2000,157,1300,2.736,82.1,15.89,26.16,97.9,1801,50.23,310.1,-6999
117,2000,157,1315,2.039,142.6,16,26.61,97.9,1803,48.24,310.1,-6999
117,2000,157,1330,2.261,116.3,16.62,26.87,97.9,1711,44.75,310.1,17.36
117,2000,157,1345,2.463,110.5,16.29,26.92,97.9,1698,42.31,310.1,17.02
117,2000,157,1400,2.307,91.2,16.31,27.21,97.9,1643,39.16,310.1,16.99
117,2000,157,1415,2.674,103.9,16.24,28.08,97.9,1570,35.43,310.1,-6999
117,2000,157,1430,2.221,116.5,16.63,29.47,97.9,1548,32.32,310.1,17.17
117,2000,157,1445,2.125,108.2,17.41,28.29,97.9,1531,28.33,310.1,-6999
117,2000,157,1500,2.825,132,17.07,28.56,97.9,1461,24.78,310.1,-6999
117,2000,157,1515,2.247,145.1,17,29.38,97.9,1391,21.29,310.1,17.64
117,2000,157,1530,2.371,109.8,17.33,30.41,97.9,1306,17.59,310.1,-6999
117,2000,157,1545,2.544,122.4,17.06,31.17,97.9,1257,14.48,310.1,17.27
117,2000,157,1600,2.2,128.4,17.53,31.51,97.9,1189,11.44,310.1,17.95
117,2000,157,1615,2.412,111,17.11,32.56,97.9,960,8.54,310.1,17.49
117,2000,157,1630,2.517,122.9,16.63,33.16,97.9,830,6.321,310.1,-6999
117,2000,157,1645,2.086,120.7,16.8,33.18,97.8,848,4.841,310.1,-6999
117,2000,157,1700,1.961,103.9,17.25,32.12,97.8,817,3.507,310.1,17.36
117,2000,157,1715,2.136,102.2,16.76,33.99,97.8,670.2,2.334,310.1,16.84
117,2000,157,1730,2.46,105.6,16.15,35.39,97.8,479.4,1.428,310.1,-6999
117,2000,157,1745,2.968,97.6,15.65,34.59,97.8,454,.92,310.1,16.14
117,2000,157,1800,1.851,99.8,15.67,35.03,97.8,349.1,.578,310.1,15.74
117,2000,157,1815,2.026,96.4,15.56,36.46,97.8,307.3,.374,310.1,-6999
117,2000,157,1830,1.724,80.4,15.1,39.53,97.8,226.1,.261,310,14.81
117,2000,157,1845,1.954,60.29,14.23,42.8,97.8,133.8,.198,310.1,13.95
117,2000,157,1900,1.875,48.09,13.61,46.51,97.8,81.8,.166,310.1,13.36
117,2000,157,1915,1.553,36.44,13.1,50.62,97.8,52.13,.139,310.1,-6999
117,2000,157,1930,1.171,44.7,12.37,54.31,97.8,23.22,.119,310.1,11.81
117,2000,157,1945,1.238,117.2,11.77,59.34,97.8,7.48,.107,310.1,11.11
117,2000,157,2000,1.203,63.39,11.15,64.1,97.8,1.357,.094,310.1,-6999
117,2000,157,2015,1.066,62.29,10.48,69.26,97.8,-.356,.092,310.1,-6999
117,2000,157,2030,1.765,48.69,10.46,62.73,97.8,-.691,.091,310.1,9.85
117,2000,157,2045,1.627,48.39,10.69,59.95,97.8,-.532,.091,310.1,-6999
117,2000,157,2100,1.364,44.52,10.76,59.92,97.8,-.671,.091,310.1,10.04
117,2000,157,2115,1.222,71.3,10.75,60.46,97.8,-.48,.091,310.1,10.12
117,2000,157,2130,1.237,43.44,10.75,59.5,97.8,-.63,.091,310.1,-6999
117,2000,157,2145,1.557,49.45,10.84,56.81,97.7,-.654,.091,310.1,10.1
117,2000,157,2200,1.339,71.6,10.8,58.51,97.7,-.591,.091,310.1,10.04
117,2000,157,2215,.742,141.5,10.55,64.83,97.7,-.668,.09,310.1,-6999
117,2000,157,2230,.749,126.6,10.24,67.31,97.7,-.602,.091,310.1,-6999
117,2000,157,2245,.931,118.2,10.19,62.3,97.7,-.582,.09,310.1,9.63
117,2000,157,2300,1.207,127.3,10.26,56.47,97.7,-.539,.091,310.1,-6999
117,2000,157,2315,1.335,146.9,10.18,55.55,97.7,-.459,.091,310.1,-6999
117,2000,157,2330,1.268,141,10.12,57.82,97.7,-.628,.091,310.1,-6999
117,2000,157,2345,1.308,142.5,9.85,60.59,97.7,-.461,.091,310.1,8.94
117,2000,158,0,.936,137.7,9.57,63.43,97.7,-.607,.091,310.1,8.86
117,2000,158,15,.812,232.8,9.47,68.72,97.7,-.463,.091,310.1,-6999
117,2000,158,30,.61,231.6,9.29,72.7,97.7,-.58,.091,310.1,-6999
117,2000,158,45,.889,168,9.25,72,97.7,-.56,.091,310.1,8.75
117,2000,158,100,.644,128.3,9.02,73.2,97.7,-.509,.092,310.1,8.54
117,2000,158,115,.883,79,9.11,71.4,97.7,-.582,.092,310.2,8.68
117,2000,158,130,.646,200.8,9.13,73.5,97.7,-.518,.092,310.2,-6999
117,2000,158,145,.491,195,9.16,73.3,97.7,-.414,.092,310.2,-6999
117,2000,158,200,.707,128.2,9.25,72.5,97.7,-.51,.091,310.2,8.76
117,2000,158,215,.93,62.17,9.25,72.6,97.7,-.623,.09,310.2,-6999
117,2000,158,230,.739,99,9.14,74.8,97.7,-.557,.091,310.2,-6999
117,2000,158,245,1.08,78.2,8.9,79.3,97.7,-.521,.092,310.2,-6999
117,2000,158,300,.831,85.9,8.82,81.7,97.7,-.495,.091,310.2,-6999
117,2000,158,315,.567,126.1,8.92,82.4,97.7,-.521,.091,310.2,-6999
117,2000,158,330,1.323,139.2,9.08,81.9,97.7,-.473,.091,310.2,-6999
117,2000,158,345,1.394,158,9.1,82.6,97.7,-.338,.092,310.2,8.78
117,2000,158,400,1.222,174.6,9.41,83.9,97.7,.462,.092,310.2,-6999
117,2000,158,415,1.533,201.1,9.68,84.3,97.7,3.001,.096,310.2,-6999
117,2000,158,430,1.461,215.5,9.85,83.5,97.8,7.03,.1,310.2,-6999
117,2000,158,445,1.559,215.6,9.92,82.6,97.8,11.51,.103,310.2,-6999
117,2000,158,500,1.441,211.6,10.01,80,97.8,17.5,.108,310.2,9.69
117,2000,158,515,1.26,214.2,10.1,78.8,97.8,28.74,.116,310.2,-6999
117,2000,158,530,1.092,186.8,10.07,79.1,97.8,46.73,.138,310.2,-6999
117,2000,158,545,.677,165.2,10.03,79.7,97.8,55.12,.167,310.2,9.69
117,2000,158,600,.506,171.6,10,81.9,97.8,69.49,.222,310.2,-6999
117,2000,158,615,.727,129.8,10,82.4,97.8,78.8,.303,310.2,-6999
117,2000,158,630,.922,183.3,9.89,83.9,97.8,83,.414,310.2,9.93
117,2000,158,645,1.005,164.5,9.8,84.7,97.8,111.8,.695,310.2,-6999
117,2000,158,700,.947,128.9,10.12,83.8,97.8,151.1,1.088,310.2,-6999
117,2000,158,715,.835,119.3,10.35,83.2,97.8,166.4,1.44,310.2,10.48
117,2000,158,730,.627,105.2,10.47,85.4,97.8,176.3,1.958,310.2,10.57
117,2000,158,745,1.084,90.9,10.27,87.7,97.8,211.2,2.929,310.2,-6999
117,2000,158,800,1.458,74.5,10.27,89.4,97.8,345.5,5.044,310.2,-6999
117,2000,158,815,1.031,110.6,10.46,88.2,97.8,482.1,7.71,310.2,10.8
117,2000,158,830,1.186,107.8,10.73,88.5,97.8,567.4,10.14,310.2,11.53
117,2000,158,845,1.844,120.7,11.03,87.5,97.8,629.8,11.88,310.2,12.42
117,2000,158,900,1.721,114.3,10.77,86.8,97.8,582.1,12.3,310.2,-6999
117,2000,158,915,1.782,126,10.98,84.7,97.8,630.1,14.26,310.2,-6999
117,2000,158,930,1.222,178.4,11.2,83.5,97.8,585.1,14.4,310.2,12.77
117,2000,158,945,1.396,108.3,11.48,82,97.8,672.8,17.37,310.1,-6999
117,2000,158,1000,1.731,99,11.54,81.5,97.8,779,20.8,310.1,12.79
117,2000,158,1015,1.491,127.1,11.94,79.4,97.8,835,23.24,310.1,-6999
117,2000,158,1030,2.297,131.9,11.53,78.6,97.8,682.3,19.7,310.1,13.48
117,2000,158,1045,1.929,126.1,11.74,77.1,97.8,779,22.67,310.1,13.91
117,2000,158,1100,1.955,105.2,12.43,74.9,97.8,676.2,20.25,310.1,-6999
117,2000,158,1115,1.867,111.3,12.3,73.2,97.7,727,21.33,310.1,-6999
117,2000,158,1130,2.411,108.2,12.24,73.1,97.7,635.6,18.73,310.1,-6999
117,2000,158,1145,2.248,99.3,12.33,72.7,97.7,759,21.98,310.1,14.17
117,2000,158,1200,2.169,96.8,12.42,72.4,97.7,636.4,18.65,310.1,14.04
117,2000,158,1215,2.867,90.2,11.94,73.8,97.7,585.4,16.5,310.1,13.12
117,2000,158,1230,2.33,108.3,11.94,73.4,97.7,409.2,10.97,310.1,13.23
117,2000,158,1245,2.048,100.3,11.62,77.4,97.7,363,9.52,310.1,-6999
117,2000,158,1300,2.286,84.8,11.54,79,97.7,479.6,13.03,310.1,-6999
117,2000,158,1315,2.058,112.3,11.4,81.6,97.7,255.6,7.04,310.1,11.88
117,2000,158,1330,1.837,116.3,11.66,82.2,97.7,675.9,-6999,310,-6999
117,2000,158,1345,2.285,95.9,11.76,80.3,97.7,715,17.97,310.1,12.59
117,2000,158,1400,2.003,99.5,11.52,80.4,97.7,362.4,9.29,310.1,12.2
117,2000,158,1415,2.028,86.9,11.58,78.7,97.7,485.8,11.15,310.1,-6999
117,2000,158,1430,2.563,101.2,11.76,75.9,97.7,358.2,7.9,310.1,12.75
117,2000,158,1445,2.122,114.1,11.09,81,97.7,155.4,3.314,310.1,11.55
117,2000,158,1500,2.259,98.7,10.75,84,97.6,176.2,3.54,310.1,11.23
117,2000,158,1515,2.237,119.7,9.92,90.3,97.6,120.5,2.369,310.1,10.19
117,2000,158,1530,1.551,90.2,9.68,94.4,97.6,188.6,3.389,310.1,9.99
117,2000,158,1545,1.46,85.4,9.83,92.8,97.6,242.4,3.847,310.1,10.24
117,2000,158,1600,1.729,71.5,9.98,91.8,97.6,238.6,3.412,310.1,-6999
117,2000,158,1615,2.13,70.1,10.01,91.7,97.6,172.7,2.201,310.1,-6999
117,2000,158,1630,2.132,58.28,9.94,91.5,97.6,132.4,1.473,310.1,-6999
117,2000,158,1645,1.96,76.5,10.12,91.5,97.6,294.5,2.425,310.1,-6999
117,2000,158,1700,2.145,73.8,10.46,90.2,97.6,343.8,2.266,310.1,-6999
117,2000,158,1715,2.371,80,10.6,87.8,97.6,278.8,1.446,310.1,11.16
117,2000,158,1730,1.819,101,10.67,87.9,97.6,199.9,.838,310.1,-6999
117,2000,158,1745,2.035,94.8,10.42,89.3,97.6,58.66,.256,310.1,10.75
117,2000,158,1800,2.403,104.6,10.1,88.5,97.6,23,.138,310.1,-6999
117,2000,158,1815,1.941,103.9,9.57,86.8,97.6,35.24,.14,310.1,9.69
117,2000,158,1830,1.516,109.2,9.3,86.6,97.6,13.88,.107,310.1,-6999
117,2000,158,1845,1.517,118.3,9.13,87.5,97.6,16.19,.108,310.1,-6999
117,2000,158,1900,1.059,124.1,9.11,88.9,97.5,37.07,.127,310.1,-6999
117,2000,158,1915,.969,120.9,9.08,88,97.5,25.86,.116,310.1,9.19
117,2000,158,1930,1.46,124.5,8.92,87.5,97.5,15.14,.113,310.1,8.93
117,2000,158,1945,1.293,106.5,8.67,89.6,97.5,5.553,.102,310.1,-6999
117,2000,158,2000,1.192,40,8.53,91.5,97.5,.637,.093,310.1,8.28
117,2000,158,2015,1.04,127.9,8.33,92.1,97.5,-.447,.091,310.1,-6999
117,2000,158,2030,.835,196.5,8.18,94,97.5,-.477,.091,310.1,7.89
117,2000,158,2045,1.011,264.1,7.93,94.9,97.5,-.44,.091,310.1,-6999
117,2000,158,2100,.739,290,7.91,94.9,97.5,-.531,.091,310.1,7.47
117,2000,158,2115,.887,29.85,7.63,95.3,97.5,-.527,.091,310.1,7.16
117,2000,158,2130,1.107,37.46,7.35,96.4,97.5,-.605,.091,310.1,-6999
117,2000,158,2145,.72,108.8,7.23,96.8,97.4,-.51,.091,310.1,-6999
117,2000,158,2200,1.234,158.7,7.1,97.3,97.4,-.611,.091,310.1,-6999
117,2000,158,2215,1.138,161.8,7.16,97.6,97.4,-.484,.091,310.1,6.518
117,2000,158,2230,1.026,275.3,7.15,98,97.4,-.475,.091,310.1,6.484
117,2000,158,2245,.995,223.8,6.949,97.9,97.4,-.478,.091,310.1,6.314
117,2000,158,2300,.867,314,6.96,98.2,97.4,-.456,.091,310.1,6.258
117,2000,158,2315,1.056,317.4,6.883,98.4,97.4,-.572,.091,310.1,-6999
117,2000,158,2330,1.267,262.4,6.928,98.4,97.4,-.539,.09,310.1,6.246
117,2000,158,2345,1.458,308.5,6.889,98.4,97.4,-.475,.091,310.1,-6999
117,2000,159,0,1.105,201.6,6.859,98.2,97.4,-.521,.09,310.1,6.294
117,2000,159,15,1.694,299.4,6.9,98.4,97.3,-.536,.091,310.1,6.561
117,2000,159,30,1.665,310.3,7.1,98.4,97.3,-.574,.09,310.1,-6999
117,2000,159,45,1.632,309.1,7.1,98.1,97.3,-.564,.091,310.1,-6999
117,2000,159,100,1.317,303.7,7.1,98.1,97.3,-.559,.091,310.1,6.847
117,2000,159,115,1.989,305.8,7.17,97.7,97.3,-.417,.091,310.1,6.971
117,2000,159,130,1.688,279.5,7.21,97.4,97.2,-.47,.091,310.1,7.05
117,2000,159,145,1.581,283.8,7.19,97.3,97.2,-.493,.091,310.1,-6999
117,2000,159,200,2.02,308,7.14,96.4,97.2,-.474,.091,310.1,6.938
117,2000,159,215,1.426,283.2,7.16,95.8,97.2,-.457,.091,310.1,6.95
117,2000,159,230,1.452,259.6,7.11,94.4,97.2,-.589,.091,310.1,-6999
117,2000,159,245,1.108,258.9,7.1,94,97.2,-.391,.09,310.1,6.862
117,2000,159,300,.999,186.5,7.12,93.3,97.2,-.495,.091,310.1,6.881
117,2000,159,315,.654,235.2,7.03,93.6,97.2,-.386,.091,310.1,6.586
117,2000,159,330,1.063,148.2,6.832,93.7,97.2,-.393,.09,310.1,-6999
117,2000,159,345,1.248,130.5,6.819,93.2,97.1,.079,.091,310.1,-6999
117,2000,159,400,1.39,179.8,6.896,92.7,97.2,3.409,.096,310.1,6.351
117,2000,159,415,1.372,202.4,6.871,92.3,97.2,13.11,.111,310.1,6.3
117,2000,159,430,2.356,211.4,6.921,91.7,97.2,29.73,.125,310.1,6.436
117,2000,159,445,2.564,257.3,7.15,90.5,97.2,66.13,.142,310.1,6.679
117,2000,159,500,2.12,271.8,7.38,90,97.2,139.5,.168,310.1,7.07
117,2000,159,515,1.951,274.2,7.68,89.5,97.2,219.2,.208,310.2,7.59
117,2000,159,530,1.792,239.9,8.07,88.3,97.2,286.4,.277,310.2,8.13
117,2000,159,545,1.477,239.5,8.57,86.7,97.2,358.3,.405,310.2,-6999
117,2000,159,600,1.79,240.6,9.03,85,97.2,437.1,.635,310.2,9.55
117,2000,159,615,1.501,228,9.66,83.4,97.2,534.8,-6999,292.2,10.28
117,2000,159,630,1.732,239.5,10.4,81,97.2,615.7,.046,0,-6999
117,2000,159,645,2.732,257.4,11.15,77.7,97.2,711,.815,89.8,12.29
117,2000,159,700,2.08,234,12.09,73.9,97.2,807,3.59,310.2,-6999
117,2000,159,715,2.949,266.2,12.5,71.5,97.2,901,5.116,310.2,12.02
117,2000,159,730,3.674,258.6,12.49,69.78,97.2,997,7.01,310.2,-6999
117,2000,159,745,3.219,252.8,12.84,67.61,97.2,1023,-6999,309.9,-6999
117,2000,159,800,2.561,244.1,13.1,66.59,97.2,973,10.42,310.2,-6999
117,2000,159,815,2.121,269.7,13.15,66.18,97.2,722,11,310.2,-6999
117,2000,159,830,2.03,248.3,13.09,65.6,97.2,628.9,12.75,310.1,13.79
117,2000,159,845,2.372,206,13.82,61.63,97.2,733,13.77,310.1,15.97
117,2000,159,900,3.891,189.2,13.13,63.55,97.2,1102,21.4,310.1,13.86
117,2000,159,915,3.953,199.6,14.12,59.43,97.2,1702,29.74,310.1,-6999
117,2000,159,930,3.572,230.1,13.65,60.49,97.2,1194,26.39,310.1,14.79
117,2000,159,945,3.947,238.9,13.77,59.19,97.2,1169,28.07,310.1,14.67
117,2000,159,1000,4.224,222.9,13.33,61.02,97.2,1788,41.29,310.1,-6999
117,2000,159,1015,4.077,211,13.77,57.95,97.2,1898,44.82,310.1,14.57
117,2000,159,1030,4.076,262.9,13.65,57.42,97.2,1794,46.21,310.1,14.42
117,2000,159,1045,3.67,180.6,14,56.92,97.2,1856,49.29,310.1,14.83
117,2000,159,1100,3.451,190.4,13.77,57.08,97.2,1453,44.09,310.1,14.62
117,2000,159,1115,3.107,201.9,14.07,53.67,97.2,1642,48.97,310.1,-6999
117,2000,159,1130,4.158,191.7,14,51.81,97.2,1892,54.29,310.1,-6999
117,2000,159,1145,3.633,216.7,14.13,48.67,97.2,1892,55.07,310.1,-6999
117,2000,159,1200,3.137,236.4,14.07,46.95,97.1,1892,55.27,310.1,15.26
117,2000,159,1215,3.683,214.3,14.58,44.34,97.1,1885,54.95,310.1,-6999
117,2000,159,1230,3.185,217.8,14.85,41.33,97.1,1874,53.99,310.1,-6999
117,2000,159,1245,2.871,245.5,15.39,39.32,97.1,1859,52.67,310.1,16.04
117,2000,159,1300,2.647,149.1,15.51,38.76,97.1,1834,50.68,310.1,16.42
117,2000,159,1315,3.287,225,15.95,33.74,97.1,1805,48.13,310.1,16.49
117,2000,159,1330,3.14,150.6,16.32,32.51,97.1,1764,45.18,310.1,16.84
117,2000,159,1345,2.261,210.7,16.88,33.32,97.1,1683,41.64,310.1,17.48
117,2000,159,1400,2.273,198,17.29,32.84,97.1,1673,38.53,310.1,17.68
117,2000,159,1415,2.269,238.9,17.88,30.65,97.1,1659,35.42,310.1,18.41
117,2000,159,1430,2.331,277.1,17.88,30.39,97.1,1588,31.38,310.1,-6999
117,2000,159,1445,2.979,241.7,18.1,30.27,97.1,1528,27.16,310.1,-6999
117,2000,159,1500,2.568,224.9,18.57,29.19,97.1,1443,23.68,310.1,19.07
117,2000,159,1515,2.715,210.5,18.5,29.43,97.1,1365,20.24,310.1,18.94
117,2000,159,1530,2.916,236.2,18.1,31.1,97.1,1262,16.69,310.1,-6999
117,2000,159,1545,3.043,243.6,18.33,31.63,97.1,1230,13.96,310.1,-6999
117,2000,159,1600,3.336,263.2,18.29,30.1,97.1,1149,11.14,310.1,18.84
117,2000,159,1615,2.884,252.2,18.18,30.37,97.1,1061,8.58,310,-6999
117,2000,159,1630,3.16,233.6,18.32,28.62,97.1,977,6.452,310,18.7
117,2000,159,1645,3.112,230.2,18.28,27.19,97.1,874,4.669,310,-6999
117,2000,159,1700,2.53,215.1,18.18,25.86,97.1,809,3.324,310,18.44
117,2000,159,1715,3.509,246.1,18,25.15,97.1,709,2.224,310,-6999
117,2000,159,1730,2.984,260.3,17.82,25.36,97.1,585.3,1.419,310,18.02
117,2000,159,1745,2.468,267.5,17.65,24.84,97.1,524.1,.903,310,17.81
117,2000,159,1800,2.346,242.8,17.42,25.7,97.1,439.4,.564,310,-6999
117,2000,159,1815,2.549,247.8,17.2,27.34,97.2,362.9,.366,310,-6999
117,2000,159,1830,2.491,256.3,16.55,27.64,97.2,262.8,.255,310,-6999
117,2000,159,1845,2.485,248.2,15.47,28.86,97.2,117.1,.195,310,15.24
117,2000,159,1900,1.867,251.7,14.82,30.99,97.2,87.5,.164,310,-6999
117,2000,159,1915,1.891,246.6,14.3,32.44,97.2,74.7,.138,310,14.11
117,2000,159,1930,1.783,247.4,13.84,33.9,97.2,36.28,.121,310,13.39
117,2000,159,1945,1.218,243.1,12.95,38.69,97.2,9.8,.11,310,-6999
117,2000,159,2000,1.486,249.6,12.02,45.79,97.2,1.777,.098,310,-6999
117,2000,159,2015,.86,255.9,10.83,57.11,97.3,-.251,.092,310,-6999
117,2000,159,2030,.683,200.9,9.8,64.45,97.3,-.488,.091,310,9.37
117,2000,159,2045,.649,225.6,9.1,67.53,97.3,-.491,.091,310,8.75
117,2000,159,2100,.773,239.3,8.42,70.7,97.3,-.572,.091,310,-6999
117,2000,159,2115,.967,288.9,7.95,73.9,97.3,-.546,.091,310,-6999
117,2000,159,2130,1.018,320.3,7.44,78.4,97.3,-.528,.091,310,7.13
117,2000,159,2145,.978,280.2,7.07,76.4,97.3,-.55,.091,310,6.851
117,2000,159,2200,1.035,273.4,6.82,72.9,97.3,-.51,.091,310,6.527
117,2000,159,2215,1.085,284.5,6.767,78.7,97.3,-.595,.091,310,-6999
117,2000,159,2230,.976,310.9,6.688,82.9,97.3,-.502,.091,310,-6999
117,2000,159,2245,.915,316.8,6.407,86.9,97.3,-.477,.091,310,-6999
117,2000,159,2300,1.019,286.1,6.17,86.7,97.3,-.507,.091,310,-6999
117,2000,159,2315,.87,290.7,6.123,82.8,97.3,-.585,.091,310.1,-6999
117,2000,159,2330,.866,301,6.006,83.4,97.3,-.493,.091,310.1,5.202
117,2000,159,2345,.877,322.1,5.723,85.6,97.3,-.613,.091,310.1,4.903
117,2000,160,0,1.228,189,5.496,87.1,97.2,-.558,.091,310.1,4.732
117,2000,160,15,1.107,304.6,5.458,87.7,97.2,-.569,.09,310.1,-6999
117,2000,160,30,1.138,188.2,5.286,91.5,97.2,-.537,.09,310.1,4.548
117,2000,160,45,1.122,142.6,5.205,92,97.2,-.516,.09,310.1,4.597
117,2000,160,100,1.406,23.97,5.092,92.6,97.2,-.586,.091,310.1,-6999
117,2000,160,115,1.299,26.07,5.035,92.7,97.2,-.622,.091,310.1,4.46
117,2000,160,130,1.312,30.46,4.987,93.7,97.2,-.631,.091,310.1,4.481
117,2000,160,145,1.243,40.44,5.121,93.4,97.2,-.521,.091,310.1,-6999
117,2000,160,200,1.093,133.4,5.452,92.4,97.2,-.56,.091,310.1,5.099
117,2000,160,215,1.247,118.9,5.665,91,97.2,-.58,.091,310.1,-6999
117,2000,160,230,1.245,138.3,5.825,89.3,97.2,-.48,.091,310.1,-6999
117,2000,160,245,1.135,64.37,5.959,89.5,97.2,-.522,.091,310.1,5.639
117,2000,160,300,.997,130.4,6.108,89.9,97.2,-.519,.09,310.1,5.827
117,2000,160,315,.727,214,6.333,89.2,97.2,-.607,.09,310.2,-6999
117,2000,160,330,.673,113.7,6.623,89.3,97.2,-.598,.091,310.2,6.357
117,2000,160,345,.789,154.8,6.787,90.2,97.2,-.355,.091,310.2,-6999
117,2000,160,400,1.027,87.5,7.02,90.9,97.2,.83,.094,310.2,6.738
117,2000,160,415,.887,182.1,7.2,88.3,97.2,3.384,.097,310.2,-6999
117,2000,160,430,.783,295.5,7.38,88.6,97.2,12.77,.108,310.2,7.11
117,2000,160,445,.891,219,7.68,85.3,97.2,29.79,.123,310.2,-6999
117,2000,160,500,1.497,220.4,8.35,74.3,97.2,53.04,.155,310.2,-6999
117,2000,160,515,1.837,233.1,8.82,70.2,97.2,104.9,.209,310.2,-6999
117,2000,160,530,1.938,225.5,10.13,56.26,97.2,185.6,.279,310.2,9.14
117,2000,160,545,1.278,236.1,11.33,54.93,97.2,345.6,.409,310.2,10.94
117,2000,160,600,1.037,248.7,12.12,53,97.2,344.4,.644,310.2,12.15
117,2000,160,615,.746,222.1,12.44,54.36,97.1,459.6,.988,310.2,12.88
117,2000,160,630,1.68,231.2,12.69,52.13,97.1,190.7,.751,310.2,12.96
117,2000,160,645,1.307,213.9,12.29,56.02,97.1,176.9,1.039,310.2,12.4
117,2000,160,700,1.222,179.6,11.83,63.98,97.1,108.1,.877,310.2,11.75
117,2000,160,715,1.342,171.4,11.38,73,97,146.2,1.462,310.2,11.34
117,2000,160,730,1.286,187.4,11.48,71.3,97,234.9,2.75,310.2,-6999
117,2000,160,745,1.795,197.4,11.78,71.6,97,362.8,4.938,310.2,12.56
117,2000,160,800,2.253,177,12.41,69.62,97,554.4,7.94,310.2,-6999
117,2000,160,815,2.045,160.3,12.6,69.6,97,575.9,9.37,310.2,13.86
117,2000,160,830,2.191,174.9,13.71,69.1,97,1047,16.22,310.2,-6999
117,2000,160,845,2.5,183.4,15.49,64.47,96.9,1299,21.04,310.1,19.49
117,2000,160,900,2.974,199.2,15.59,66.12,96.9,610.9,11.49,310.1,-6999
117,2000,160,915,2.686,197.2,13.74,79.2,96.9,214.9,4.831,310.1,14.37
117,2000,160,930,2.233,189.9,12.78,86.6,96.9,380.9,9.86,310.1,-6999
117,2000,160,945,2.616,196.3,12.64,86.3,96.9,219.4,5.943,310.1,-6999
117,2000,160,1000,2.329,192.7,12.31,87.4,96.9,137,3.659,310.1,12.86
117,2000,160,1015,1.945,182.8,12.32,88,96.9,198.4,5.781,310.1,12.84
117,2000,160,1030,2.006,202.5,12.38,87.7,96.8,188.5,5.519,310.1,12.98
117,2000,160,1045,2.625,205.3,12.35,88.7,96.8,161.1,4.398,310.1,-6999
117,2000,160,1100,2.254,189.2,12.46,90.4,96.8,371.2,11.45,310.1,13.22
117,2000,160,1115,1.985,196.5,13.06,89.1,96.8,508.8,15.92,310.1,-6999
117,2000,160,1130,2.465,198,13.5,87.8,96.7,506,15.78,310.1,14.76
117,2000,160,1145,3.262,196.3,13.56,87.5,96.7,590.5,18.44,310.1,-6999
117,2000,160,1200,2.795,199.2,13.65,87.4,96.7,284.3,8.29,310.1,-6999
117,2000,160,1215,2.378,214.4,13.68,87.6,96.7,346,10.6,310.1,14.59
117,2000,160,1230,2.749,212.8,14.27,85,96.6,613.2,19.41,310.1,15.7
117,2000,160,1245,2.883,212.9,14.51,82.5,96.6,319.6,9.78,310.1,15.53
117,2000,160,1300,2.785,195.8,14.3,83,96.6,282.3,8.17,310.1,-6999
117,2000,160,1315,2.677,199.2,14.31,82.6,96.5,279.1,8.05,310.1,-6999
117,2000,160,1330,3.274,187.2,14.5,81.9,96.5,396.6,11,310.1,15.27
117,2000,160,1345,3.164,196,14.74,80.4,96.5,270.1,7.01,310.1,-6999
117,2000,160,1400,3.325,206.9,14.86,78.7,96.4,177.4,4.002,310.1,15.22
117,2000,160,1415,3.748,213.3,14.92,77.2,96.4,108,1.829,310.1,15.02
117,2000,160,1430,3.054,225.3,14.58,81.1,96.5,79.2,1.102,310.1,-6999
117,2000,160,1445,2.923,229.4,13.53,90.2,96.5,75.3,.838,310.1,-6999
117,2000,160,1500,2.87,211,12.91,94.7,96.5,92.1,1.104,310.1,-6999
117,2000,160,1515,3.117,215.2,12.96,94.9,96.4,368.9,6.4,310.1,13.22
117,2000,160,1530,2.983,215.2,13.42,94,96.4,431.7,7.51,310.1,-6999
117,2000,160,1545,2.976,221.1,13.45,93.7,96.4,212,3.339,310.1,14.05
117,2000,160,1600,2.387,219.3,13.38,94.3,96.4,129.5,1.789,310.1,13.89
117,2000,160,1615,3.131,222.6,13.35,94.1,96.4,65.85,.685,310.1,-6999
117,2000,160,1630,2.657,228.8,13.39,94.6,96.4,107.4,.976,310.1,13.64
117,2000,160,1645,2.663,233.2,13.56,94.4,96.4,106.4,.875,310.1,-6999
117,2000,160,1700,2.234,235.1,13.67,94.7,96.4,95.5,.68,310.1,-6999
117,2000,160,1715,3.011,222.5,13.8,94.1,96.4,109.4,.598,310.1,-6999
117,2000,160,1730,2.883,226.3,13.91,94.1,96.4,111.9,.482,310.1,14.09
117,2000,160,1745,2.587,217.3,14.08,94,96.3,216.1,.557,310.1,-6999
117,2000,160,1800,2.028,222.3,14.32,93.8,96.3,179.4,.473,310.1,-6999
117,2000,160,1815,2.278,221.6,14.3,93.8,96.3,111.2,.283,310.1,14.43
117,2000,160,1830,2.647,215.2,14.39,92.8,96.3,128,.203,310.1,14.48
117,2000,160,1845,2.427,215.5,14.37,92.4,96.3,68.26,.164,310.1,14.31
117,2000,160,1900,2.314,208.6,14.32,92.4,96.3,34.49,.131,310.1,-6999
117,2000,160,1915,2.29,217.6,14.29,92.6,96.3,17.66,.116,310.1,-6999
117,2000,160,1930,2.099,212.3,14.18,93.7,96.3,9.21,.108,310.1,13.86
117,2000,160,1945,2.315,215.7,14.1,94.1,96.3,5.346,.105,310.1,-6999
117,2000,160,2000,2.251,219.3,14,94.5,96.3,.869,.094,310.1,-6999
117,2000,160,2015,2.449,219.7,14.07,93.8,96.3,-.285,.091,310.1,-6999
117,2000,160,2030,2.735,233.6,14.33,91.8,96.2,-.504,.091,310.1,13.69
117,2000,160,2045,3.588,231.8,14.75,88.6,96.3,-.585,.091,310.1,-6999
117,2000,160,2100,2.827,231.2,14.62,91.2,96.3,-.674,.091,310.1,14.08
117,2000,160,2115,2.424,239.4,14.4,92.6,96.2,-.602,.091,310.1,13.87
117,2000,160,2130,2.357,244,14.38,92.7,96.2,-.612,.09,310.1,13.89
117,2000,160,2145,2.284,242.5,14.23,93.8,96.2,-.601,.091,310.1,-6999
117,2000,160,2200,1.875,256.5,14.13,94.7,96.2,-.774,.091,310.1,13.66
117,2000,160,2215,1.566,243.2,14.02,95.9,96.3,-.552,.091,310.1,-6999
117,2000,160,2230,2.535,243.6,14.07,96.8,96.3,-.587,.091,310.1,13.6
117,2000,160,2245,1.87,247.6,14.2,97.1,96.3,-.629,.091,310.1,13.71
117,2000,160,2300,1.62,237.4,14.33,97.1,96.3,-.673,.091,310.1,13.84
117,2000,160,2315,2.051,233,14.45,96.9,96.3,-.579,.09,310.1,13.95
117,2000,160,2330,1.851,230.8,14.48,96.6,96.3,-.561,.091,310.1,13.92
117,2000,160,2345,1.734,216.5,14.43,96,96.3,-.649,.091,310.1,13.78
117,2000,161,0,1.429,229.7,14.24,94.5,96.3,-.561,.091,310.1,13.52
117,2000,161,15,1.65,219.7,13.74,91.3,96.4,-.629,.091,310,-6999
117,2000,161,30,1.872,236.7,13.06,89.6,96.4,-.588,.09,310.1,12.39
117,2000,161,45,1.72,183.6,12.69,89.9,96.4,-.516,.09,310.1,12.1
117,2000,161,100,1.51,223.5,12.43,90.1,96.4,-.567,.092,310.1,-6999
117,2000,161,115,1.237,165.8,12.06,91.7,96.4,-.576,.092,310.1,-6999
117,2000,161,130,1.665,212.1,11.73,92.2,96.5,-.558,.091,310.1,-6999
117,2000,161,145,2.492,235.6,11.56,88.1,96.5,-.615,.091,310.1,-6999
117,2000,161,200,2.796,236.4,11.18,88.8,96.5,-.624,.091,310.1,-6999
117,2000,161,215,2.395,255.2,10.9,91.1,96.6,-.621,.091,310.1,10.56
117,2000,161,230,3.292,240.6,10.58,88,96.6,-.518,.091,310.1,10.19
117,2000,161,245,4.206,218.9,10.04,87.8,96.6,-.594,.09,310.1,-6999
117,2000,161,300,4.027,187.2,9.42,87.8,96.7,-.653,.09,310.1,9.2
117,2000,161,315,3.248,243.3,9.13,88.7,96.7,-.583,.091,310.1,8.92
117,2000,161,330,3.138,273.2,9.12,88.3,96.7,-.573,.091,310.1,-6999
117,2000,161,345,3.233,257.4,9.12,86.4,96.7,-.108,.091,310.1,-6999
117,2000,161,400,2.853,262.8,8.96,86.1,96.8,2.296,.095,310.1,-6999
117,2000,161,415,2.697,219.3,8.78,87.2,96.8,10.14,.111,310.1,-6999
117,2000,161,430,3.471,212.7,8.43,84.6,96.8,31.35,.13,310.1,8.15
117,2000,161,445,2.531,220.2,8.08,84.3,96.9,62.75,.155,310.1,-6999
117,2000,161,500,2.443,212.9,7.87,82.7,96.9,87.4,.165,310.1,-6999
117,2000,161,515,3.224,217.7,7.59,80.8,96.9,119.5,.243,310.1,7.51
117,2000,161,530,2.443,250.8,7.42,79.7,97,173.5,.32,310.1,7.46
117,2000,161,545,1.757,180.6,7.64,79.6,97,245.4,.436,310.1,7.96
117,2000,161,600,3.171,109,8.1,77.7,97,394.5,.858,310.1,-6999
117,2000,161,615,3.531,119.2,7.95,75.4,97,457.5,1.363,310.1,8.33
117,2000,161,630,3.787,176.1,7.93,75.4,97,645.2,2.287,310.1,-6999
117,2000,161,645,3.967,205.9,8.31,73.5,97,748,3.433,310.1,-6999
117,2000,161,700,3.796,149.6,8.8,70.8,97.1,826,5.095,310.1,9.05
117,2000,161,715,3.26,162.3,9.24,68.32,97.1,921,7.18,310.1,8.95
117,2000,161,730,3.211,182.2,9.42,66.95,97.1,1024,9.71,310.1,9.2
117,2000,161,745,2.749,121.7,9.94,64.65,97.1,1106,12.72,310.1,-6999
117,2000,161,800,3.008,234.4,10.02,64.35,97.1,1240,16.28,310.1,-6999
117,2000,161,815,2.557,165,9.8,66.64,97.1,1028,18.13,310.1,-6999
117,2000,161,830,2.297,250.3,9.99,64.2,97.2,1357,23.51,310.1,-6999
117,2000,161,845,2.669,126.2,10.37,60.33,97.2,1421,27.43,310.1,-6999
117,2000,161,900,2.28,172,10.79,60.86,97.2,1482,31.55,310.1,14.2
117,2000,161,915,2.21,194.5,11.19,59.96,97.2,1539,35.71,310.1,11.95
117,2000,161,930,2.053,167.7,11.45,57.08,97.2,1597,39.95,310.1,12.01
117,2000,161,945,2.344,258.9,11.75,56.32,97.2,1652,43.99,310.1,-6999
117,2000,161,1000,1.988,198.8,12.5,53.3,97.2,1700,47.51,310.1,-6999
117,2000,161,1015,2.164,221.1,12.53,52.01,97.2,1744,50.87,310.1,13.17
117,2000,161,1030,2.419,220.5,12.95,50.01,97.2,1783,53.81,310.1,13.58
117,2000,161,1045,2.634,179.8,13.24,47.7,97.2,1817,56.86,310.1,13.96
117,2000,161,1100,1.618,197.5,13.84,43.32,97.2,1844,59.65,310.1,14.54
117,2000,161,1115,1.834,213.5,13.89,40.18,97.1,1865,61.68,310.1,-6999
117,2000,161,1130,2.508,176.3,14.39,41.1,97.2,1877,62.92,310.1,-6999
117,2000,161,1145,2.022,152.8,15.24,40.09,97.2,1884,63.36,310.1,16.11
117,2000,161,1200,3.123,240.9,15.35,40.4,97.2,1900,63.78,310.1,16.38
117,2000,161,1215,3.093,261.1,15.19,40.52,97.2,1901,63.51,310.1,16.4
117,2000,161,1230,2.628,248.2,15.59,39.66,97.2,1885,62.73,310.1,-6999
117,2000,161,1245,3.016,227,16.27,37.57,97.1,1865,61.34,310.1,17.27
117,2000,161,1300,2.779,244.5,15.99,37.19,97.1,1841,59.21,310.1,17.1
117,2000,161,1315,3.057,246.9,16.6,35.05,97.1,1793,56.21,310.1,-6999
117,2000,161,1330,3.003,220.1,16.91,33.64,97.1,1774,53.58,310.1,-6999
117,2000,161,1345,2.747,246,17.1,34.96,97.1,1735,50.46,310.1,17.85
117,2000,161,1400,2.085,254.2,17.58,33.9,97.1,1695,47,310.1,-6999
117,2000,161,1415,2.616,242.6,17.87,32.99,97.1,1647,43.14,310.1,18.65
117,2000,161,1430,2.326,230.1,17.82,34.31,97,1574,38.59,310.1,18.23
117,2000,161,1445,2.316,226.5,18.26,33.1,97,1516,33.66,310.1,-6999
117,2000,161,1500,3.531,251.9,18.18,32.64,97,1456,29.87,310.1,18.74
117,2000,161,1515,3.267,246.9,17.83,31.95,97.1,1391,26.01,310.1,-6999
117,2000,161,1530,3.678,249.1,18.12,32.08,97,1324,22.15,310.1,18.78
117,2000,161,1545,3.88,244.6,18.31,31.27,97,1244,18.42,310.1,-6999
117,2000,161,1600,2.795,260.2,18.08,30.82,97,1180,15.05,310.1,18.52
117,2000,161,1615,2.369,243.1,18.6,31.21,97,1014,11.4,310.1,19.09
117,2000,161,1630,3.19,248.1,18.44,31.28,97,963,8.93,310.1,-6999
117,2000,161,1645,3.397,246.6,18.31,30.53,97,861,6.544,310.1,-6999
117,2000,161,1700,2.414,254.7,18.39,31.61,97,717,4.508,310.1,-6999
117,2000,161,1715,2.699,247.7,18.38,31.89,97,667.6,3.151,310.1,-6999
117,2000,161,1730,2.448,250.5,18.3,31.52,97,634.7,2.133,310.1,18.55
117,2000,161,1745,2.117,267.6,18.03,32.29,97,575.5,1.353,310,-6999
117,2000,161,1800,1.845,230,18.31,32.5,97,473.8,.815,310,-6999
117,2000,161,1815,1.867,255.4,17.58,34.35,97,290.5,.46,310,17.3
117,2000,161,1830,1.935,253.7,17.48,35.41,97,296,.298,310,17.05
117,2000,161,1845,1.963,241.6,16.3,36.93,97.1,89.4,.207,310,-6999
117,2000,161,1900,1.447,238,15.65,38.89,97.1,52.68,.149,310,-6999
117,2000,161,1915,1.304,244,15.35,39.86,97.1,27.78,.132,310,-6999
117,2000,161,1930,1.112,217.1,15.07,41.27,97.1,14.02,.117,310,-6999
117,2000,161,1945,1.091,189.5,14.68,43.54,97.1,6.577,.106,310,14.39
117,2000,161,2000,1.259,212.9,14.26,50.54,97.1,1.264,.094,310,13.91
117,2000,161,2015,.851,186.8,13.83,52.53,97.1,-.302,.092,310,13.39
117,2000,161,2030,1.27,179.9,13.32,59.1,97.1,-.448,.092,310,-6999
117,2000,161,2045,.771,254.6,12.6,67.25,97.1,-.493,.091,310,-6999
117,2000,161,2100,1.056,231.7,12.09,66.23,97.1,-.558,.091,310,-6999
117,2000,161,2115,1.363,239,11.81,67.32,97.1,-.63,.091,310,11.66
117,2000,161,2130,1.378,235.9,12.23,63.68,97.1,-.648,.091,310,-6999
117,2000,161,2145,1.139,297.8,12.47,65.78,97.2,-.472,.091,310,12.08
117,2000,161,2200,1.553,243.8,12.65,65.78,97.2,-.51,.091,310,-6999
117,2000,161,2215,1.141,263.4,12.83,67.4,97.2,-.444,.091,310,-6999
117,2000,161,2230,.704,257.5,12.64,70.1,97.1,-.572,.091,310.1,12.28
117,2000,161,2245,.985,268.9,12.2,74.3,97.2,-.542,.091,310.1,12
117,2000,161,2300,.75,235.1,11.87,74.6,97.1,-.352,.091,310.1,11.81
117,2000,161,2315,.769,242.6,11.71,77.2,97.1,-.48,.091,310.1,11.5
117,2000,161,2330,.908,304,11.61,78.1,97.1,-.462,.091,310.1,11.48
117,2000,161,2345,1.313,212.7,11.43,78.7,97.1,-.304,.092,310.1,11.54
117,2000,162,0,1.747,264.6,11.65,77.9,97.1,-.511,.092,310.1,11.47
117,2000,162,15,1.94,268.8,12.1,75.3,97.2,-.387,.092,310.1,11.89
117,2000,162,30,1.547,288.8,11.98,77.4,97.1,-.38,.092,310.1,11.74
117,2000,162,45,1.384,171.5,11.79,79.3,97.1,-.434,.092,310.1,11.66
117,2000,162,100,1.992,302.5,11.76,77.7,97.1,-.379,.092,310.1,11.68
117,2000,162,115,.942,232.7,11.8,78.2,97.1,-.416,.091,310.1,11.65
117,2000,162,130,1.703,291.1,11.56,80.1,97.1,-.367,.092,310.1,11.43
117,2000,162,145,1.331,290.5,11.6,81.8,97,-.38,.091,310.1,11.38
117,2000,162,200,1.703,302.1,11.59,82,97.1,-.236,.091,310.1,11.42
117,2000,162,215,1.641,296.5,11.71,79.9,97.1,-.417,.092,310.1,11.53
117,2000,162,230,1.952,286.2,11.66,80,97.1,-.339,.091,310.1,11.4
117,2000,162,245,1.729,309.4,11.61,78.8,97.2,-.267,.092,310.2,11.35
117,2000,162,300,1.458,300,11.34,83.1,97.2,-.47,.093,310.2,10.97
117,2000,162,315,1.18,235.2,11.04,85.9,97.1,-.464,.092,310.2,10.86
117,2000,162,330,.753,218.1,11,86.5,97.1,-.321,.092,310.2,10.87
117,2000,162,345,.796,169.4,10.92,87.3,97.2,-.136,.092,310.2,10.74
117,2000,162,400,.749,75.1,10.84,89.1,97.2,1.099,.096,310.2,10.68
117,2000,162,415,1.629,120.1,10.87,80.9,97.2,6.668,.105,310.2,10.78
117,2000,162,430,1.485,105.8,10.9,73.5,97.2,18.15,.119,310.2,10.72
117,2000,162,445,1.274,108.1,10.76,68,97.1,20.59,.123,310.2,10.59
117,2000,162,500,1.181,132.2,10.64,66.95,97.2,20.04,.121,310.2,10.48
117,2000,162,515,1.839,102.2,10.51,65.44,97.2,38.74,.151,310.2,10.39
117,2000,162,530,2.231,90.1,10.31,64.75,97.2,52.92,.192,310.2,10.19
117,2000,162,545,2.011,92.3,10.08,65.99,97.2,67.76,.26,310.2,10.08
117,2000,162,600,1.723,115.3,10,67.15,97.2,72.8,.343,310.2,10
117,2000,162,615,1.61,107,9.86,68.28,97.3,81.2,.485,310.2,9.87
117,2000,162,630,1.995,81.6,9.71,70.1,97.3,86.1,.649,310.2,9.72
117,2000,162,645,1.937,95.9,9.71,71.2,97.2,155.1,1.385,310.2,9.93
117,2000,162,700,2.512,52.73,9.6,71.9,97.3,97.8,1.178,310.2,9.63
117,2000,162,715,2.336,62.57,9.58,73,97.3,138.8,1.89,310.2,9.68
117,2000,162,730,2.687,56.47,9.62,70.4,97.3,123,1.984,310.2,9.71
117,2000,162,745,2.813,55.7,9.62,68.65,97.3,192.6,3.655,310.2,9.74
117,2000,162,800,2.694,62.16,9.71,66.41,97.3,191.4,3.908,310.2,9.9
117,2000,162,815,2.674,63.48,9.57,63.94,97.3,157.5,3.609,310.2,9.64
117,2000,162,830,2.644,77.4,9.46,63.45,97.3,193.8,4.865,310.2,9.65
117,2000,162,845,2.529,62.39,9.52,63.93,97.3,204.6,5.542,310.2,9.79
117,2000,162,900,2.027,83.9,9.62,64.14,97.3,277.1,8.19,310.2,10.06
117,2000,162,915,2.488,70.6,9.66,64.33,97.3,289.8,9.04,310.2,10.18
117,2000,162,930,2.812,51.02,9.57,64.56,97.3,255.7,8.32,310.2,9.99
117,2000,162,945,2.72,68.57,9.47,64.91,97.3,267.9,9.08,310.2,9.87
117,2000,162,1000,2.13,74.1,9.61,65.57,97.3,293.2,10.26,310.2,10.19
117,2000,162,1015,2.057,93.1,9.69,65.54,97.3,297.1,10.86,310.2,10.32
117,2000,162,1030,2.319,80.4,9.61,65.71,97.3,342.3,13.08,310.2,10.27
117,2000,162,1045,2.376,55.66,9.7,64.94,97.3,330.8,12.77,310.2,10.34
117,2000,162,1100,1.936,68.18,9.72,65.59,97.3,351.2,13.52,310.2,10.3
117,2000,162,1115,1.962,90.6,9.87,65.84,97.3,463.7,18.28,310.2,10.7
117,2000,162,1130,1.881,79.7,10.03,65.02,97.3,471.7,18.81,310.2,10.95
117,2000,162,1145,2.24,61.36,10.16,64.67,97.3,460.8,18.92,310.2,11.02
117,2000,162,1200,2.108,95.6,10.23,64.7,97.3,522.3,20.71,310.2,11.08
117,2000,162,1215,2.584,75.1,10.33,63.55,97.3,630.5,25.27,310.2,11.43
117,2000,162,1230,2.099,73.7,10.61,63.71,97.3,685,26.97,310.2,11.9
117,2000,162,1245,1.747,101.4,10.96,63.48,97.3,606.2,23.9,310.2,12.22
117,2000,162,1300,2.436,65.88,10.84,63.65,97.3,577.2,22.7,310.2,12.12
117,2000,162,1315,2.108,80.3,10.84,64.52,97.3,560.5,21.08,310.2,12.29
117,2000,162,1330,2.369,68.57,10.75,64.91,97.3,470.9,17.51,310.2,11.99
117,2000,162,1345,2.1,77.3,10.68,65.33,97.2,571.6,20.13,310.2,11.87
117,2000,162,1400,2.272,64.19,10.7,65.7,97.2,455.9,15.74,310.2,11.72
117,2000,162,1415,1.469,81.7,10.57,67.49,97.2,342.8,11.56,310.2,11.58
117,2000,162,1430,1.336,107.3,10.71,66.96,97.2,384.5,11.88,310.2,11.66
117,2000,162,1445,1.759,69.45,10.68,67.45,97.2,321.5,9.4,310.2,11.5
117,2000,162,1500,1.217,70.3,10.54,67.73,97.3,392,10.76,310.2,11.58
117,2000,162,1515,1.328,107.8,10.7,67.52,97.3,261.6,6.873,310.2,11.42
117,2000,162,1530,1.26,79,10.73,69.29,97.3,317.1,7.36,310.2,11.45
117,2000,162,1545,1.658,88.2,10.67,69.55,97.3,281.2,5.915,310.2,11.42
117,2000,162,1600,1.197,93.5,10.71,70.2,97.2,273.2,5.13,310.2,11.35
117,2000,162,1615,1.323,72.5,10.61,69.64,97.2,208.8,3.556,310.2,10.96
117,2000,162,1630,1.003,100.7,10.32,72.6,97.2,148.8,2.27,310.2,10.83
117,2000,162,1645,1.261,72.9,10.28,73.2,97.3,112.6,1.528,310.2,10.58
117,2000,162,1700,1.603,57.99,10.01,74.7,97.3,95.3,.979,310.2,10.18
117,2000,162,1715,1.864,46.12,9.72,76.6,97.2,69.62,.6,310.2,9.82
117,2000,162,1730,2.741,56.85,9.47,77.2,97.2,65.21,.506,310.2,9.56
117,2000,162,1745,2.339,58.62,9.24,77.5,97.2,60.09,.349,310.2,9.32
117,2000,162,1800,2.06,51.44,9.12,79.3,97.2,32.32,.212,310.2,9.14
117,2000,162,1815,2.204,54.68,9.01,80.1,97.2,23.47,.159,310.2,9
117,2000,162,1830,2.067,54.73,8.98,80.9,97.2,16.38,.126,310.2,9.01
117,2000,162,1845,2.226,57.68,8.77,83.1,97.2,9.26,.099,310.2,8.43
117,2000,162,1900,2.122,44.42,8.15,88.6,97.2,11.84,.101,310.2,7.45
117,2000,162,1915,1.821,39.31,7.64,93.9,97.2,6.584,.097,310.2,7.14
117,2000,162,1930,1.652,44.31,7.53,95.8,97.2,2.068,.093,310.2,7.2
117,2000,162,1945,1.718,71,7.57,96,97.3,.885,.093,310.2,7.33
117,2000,162,2000,1.947,45.75,7.52,95.9,97.2,.125,.092,310.2,7.26
117,2000,162,2015,2.29,52.63,7.48,95.6,97.2,-.354,.091,310.2,7.21
117,2000,162,2030,2.731,47.09,7.41,94,97.2,-.345,.091,310.2,7.08
117,2000,162,2045,2.515,55.27,7.36,94.5,97.2,-.309,.091,310.2,7.06
117,2000,162,2100,2.819,63.96,7.31,94.6,97.2,-.285,.091,310.2,7
117,2000,162,2115,2.968,55.76,7.15,95.2,97.3,-.385,.091,310.2,6.674
117,2000,162,2130,3.073,52.61,6.96,96.8,97.3,-.22,.091,310.2,6.47
117,2000,162,2145,3.181,53.36,6.887,97.5,97.3,-.244,.091,310.2,6.441
117,2000,162,2200,3.148,46.25,6.866,97.7,97.3,-.207,.09,310.2,6.447
117,2000,162,2215,2.767,86.3,6.816,98.1,97.3,-.233,.091,310.2,6.443
117,2000,162,2230,2.278,69.5,6.736,98.3,97.3,-.188,.091,310.2,6.361
117,2000,162,2245,2.718,69.06,6.652,98.4,97.3,-.182,.091,310.2,6.287
117,2000,162,2300,3.019,64.47,6.494,98.4,97.3,-.318,.09,310.2,6.158
117,2000,162,2315,3.033,68.54,6.387,98.5,97.2,-.263,.091,310.2,6.03
117,2000,162,2330,3.323,58.13,5.99,97.7,97.3,-.119,.091,310.2,5.55
117,2000,162,2345,2.933,67.15,5.754,97.8,97.3,-.391,.091,310.2,5.358
117,2000,163,0,2.686,50.79,5.776,98,97.3,-.196,.091,310.2,5.415
117,2000,163,15,3.346,52.6,5.658,97.8,97.3,-.271,.091,310.2,5.279
117,2000,163,30,3.753,67.63,5.355,96.7,97.2,-.32,.091,310.2,4.862
117,2000,163,45,2.867,68.92,5.183,97.1,97.3,-.247,.091,310.2,4.744
117,2000,163,100,3.423,65.56,4.932,97.2,97.2,-.224,.091,310.2,4.503
117,2000,163,115,3.247,69.79,4.859,97.7,97.2,-.225,.091,310.2,4.475
117,2000,163,130,3.504,67.78,4.827,98,97.1,-.342,.091,310.2,4.436
117,2000,163,145,3.148,68.15,4.7,97.8,97.2,-.142,.091,310.2,4.303
117,2000,163,200,3.266,63.03,4.618,97.6,97.3,-.201,.091,310.2,4.204
117,2000,163,215,3.507,67.56,4.574,97.6,97.2,-.197,.091,310.2,4.148
117,2000,163,230,3.555,57,4.478,97.6,97.2,-.238,.09,310.2,4.068
117,2000,163,245,3.545,61.54,4.483,97.6,97.3,-.198,.09,310.2,4.096
117,2000,163,300,3.889,52.99,4.301,97.5,97.3,-.269,.091,310.2,3.861
117,2000,163,315,4.04,58.4,4.142,97.6,97.2,-.201,.091,310.2,3.716
117,2000,163,330,3.893,56.86,3.992,97.6,97.2,-.395,.091,310.2,3.571
117,2000,163,345,3.915,54.27,3.958,97.8,97.2,-.318,.091,310.2,3.564
117,2000,163,400,3.623,54.93,3.937,98,97.2,.499,.092,310.2,3.539
117,2000,163,415,3.86,52.52,3.883,97.8,97.2,2.5,.097,310.2,3.475
117,2000,163,430,3.603,56.48,3.872,98,97.2,4.331,.097,310.2,3.487
117,2000,163,445,3.883,50.19,3.864,98,97.2,7.19,.1,310.2,3.466
117,2000,163,500,4.155,48.66,3.853,97.9,97.2,19.83,.113,310.2,3.456
117,2000,163,515,4.729,54.17,3.851,97.4,97.2,29.96,.128,310.2,3.436
117,2000,163,530,3.49,54.33,3.829,97.2,97.3,19.36,.125,310.2,3.392
117,2000,163,545,2.873,62.22,3.807,97.4,97.3,45.53,.214,310.2,3.425
117,2000,163,600,3.557,53.41,3.741,97.2,97.4,44.78,.292,310.2,3.375
117,2000,163,615,4.124,44.33,3.623,96.4,97.4,87.7,.64,310.2,3.238
117,2000,163,630,3.605,52.66,3.589,96.4,97.3,149.6,1.151,310.2,3.287
117,2000,163,645,4.103,44.89,3.622,96,97.3,117.8,1.179,310.2,3.38
117,2000,163,700,3.313,53.91,3.697,96,97.3,119,1.478,310.2,3.54
117,2000,163,715,3.214,77.5,3.835,96.1,97.4,113.9,1.447,310.2,3.695
117,2000,163,730,3.398,54.34,3.909,95.7,97.4,158.4,2.831,310.2,3.728
117,2000,163,745,3.325,59.98,4.087,95.6,97.4,159.4,3.047,310.2,3.934
117,2000,163,800,3.126,61.46,4.235,95,97.4,236.2,5.48,310.2,4.109
117,2000,163,815,3.495,59.74,4.422,94.6,97.4,327.9,8.17,310.2,4.376
117,2000,163,830,3.01,57.24,4.805,94.1,97.4,363.9,9.67,310.2,4.986
117,2000,163,845,3.45,53.54,4.884,92.5,97.4,344.2,10.08,310.2,5.05
117,2000,163,900,3.464,47.78,5.156,91.2,97.5,525.2,15.87,310.2,5.703
117,2000,163,915,3.352,53.31,5.476,90.2,97.5,468.3,15.01,310.2,5.926
117,2000,163,930,3.628,50.55,5.704,88.6,97.5,646.9,21.65,310.2,6.358
117,2000,163,945,3.167,62.69,6.267,85.9,97.5,775,27.42,310.2,7.1
117,2000,163,1000,3.842,44.23,6.526,82.5,97.5,808,30.18,310.2,7.33
117,2000,163,1015,4.03,56.79,6.996,80.4,97.5,814,31.35,310.2,8.03
117,2000,163,1030,3.64,43.12,7.12,79.6,97.5,836,32.75,310.2,8.15
117,2000,163,1045,3.618,50.18,7.62,76.9,97.5,885,35.41,310.2,8.75
117,2000,163,1100,3.228,75.5,8.17,74.9,97.5,1007,40.56,310.2,9.7
117,2000,163,1115,3.356,67.58,8.56,71.5,97.5,1070,43.1,310.2,10.19
117,2000,163,1130,3.774,52.18,8.55,72.1,97.5,949,39.52,310.2,10.01
117,2000,163,1145,3.554,46.89,8.65,71.8,97.6,1022,43.02,310.2,10.24
117,2000,163,1200,3.483,65.55,9.08,70.1,97.6,1062,44.96,310.2,11
117,2000,163,1215,3.166,64.22,9.28,69.66,97.6,1012,42.88,310.2,10.96
117,2000,163,1230,3.446,64.69,9.13,69.34,97.6,846,35.99,310.2,10.59
117,2000,163,1245,2.502,62.32,9.63,69,97.5,932,38.97,310.2,11.38
117,2000,163,1300,3.059,91.5,9.92,65.67,97.5,960,38.84,310.2,11.75
117,2000,163,1315,2.935,71,9.89,65.98,97.5,1016,39.31,310.2,11.79
117,2000,163,1330,2.626,68.87,10.46,63.97,97.5,1067,40.48,310.2,12.06
117,2000,163,1345,2.798,57.67,10.74,63.45,97.5,1235,43.72,310.2,12.42
117,2000,163,1400,2.392,102.4,11.45,61.56,97.5,1411,45.28,310.2,13.28
117,2000,163,1415,2.444,77.5,11.9,59.71,97.5,1800,49.96,310.2,13.43
117,2000,163,1430,2.305,111.6,12.2,58.74,97.5,1246,37.31,310.2,13.65
117,2000,163,1445,1.973,113.9,12.21,59.18,97.5,1457,37.35,310.2,13.45
117,2000,163,1500,1.903,119.8,12.71,58.07,97.5,1237,30.13,310.2,13.92
117,2000,163,1515,1.897,127.5,12.74,58.31,97.5,1038,24.19,310.2,13.91
117,2000,163,1530,1.443,133.4,13.53,55.91,97.5,1116,22.83,310.2,14.5
117,2000,163,1545,1.439,156,13.66,55.65,97.5,995,19.87,310.2,14.64
117,2000,163,1600,1.288,132,13.27,57.15,97.5,525.6,13.33,310.2,14.14
117,2000,163,1615,1.407,128.7,13.35,56.96,97.5,727,11.59,310.2,14.67
117,2000,163,1630,1.483,123.5,13.52,57.32,97.5,667.7,8.53,310.2,14.83
117,2000,163,1645,2.753,137.6,13.33,59.36,97.5,719,6.901,310.1,14.5
117,2000,163,1700,2.712,149,12.84,61.87,97.5,618.4,5.197,310.1,13.91
117,2000,163,1715,2.242,149.2,12.41,63.45,97.5,364.1,3.735,310.1,13.2
117,2000,163,1730,1.273,140.6,12.01,66.63,97.5,332.5,2.586,310.1,12.45
117,2000,163,1745,2.005,150.6,12.97,62.83,97.5,542.7,1.796,310.1,13.22
117,2000,163,1800,2.568,155.1,12.82,63.36,97.5,452.1,1.089,310.1,12.91
117,2000,163,1815,2.656,148.6,12.35,65.55,97.6,363,.651,310.1,12.35
117,2000,163,1830,2.196,154,12.08,67.49,97.6,280.1,.4,310.1,11.75
117,2000,163,1845,2.199,147.5,11.26,71.3,97.6,159.9,.269,310.1,11.08
117,2000,163,1900,1.529,140.9,10.6,75.3,97.6,91.5,.204,310.1,10.46
117,2000,163,1915,1.366,153,10.07,77.5,97.6,60.31,.171,310.1,9.81
117,2000,163,1930,1.019,145.7,9.54,80.5,97.6,33.56,.143,310.1,9.12
117,2000,163,1945,.775,148.5,9,83.6,97.6,13.86,.122,310.1,8.48
117,2000,163,2000,.581,194.2,8.48,88.9,97.7,3.532,.104,310.1,8.15
117,2000,163,2015,.592,269.1,7.93,91.8,97.7,.206,.094,310.1,7.63
117,2000,163,2030,.512,270.9,7.45,93.4,97.7,-.094,.092,310.1,7.11
117,2000,163,2045,.523,322.6,7.09,95.2,97.7,-.158,.092,310.1,6.778
117,2000,163,2100,.794,313.7,7.01,96.6,97.7,-.142,.092,310.1,6.693
117,2000,163,2115,.486,311.9,6.855,96.5,97.7,-.207,.092,310.1,6.481
117,2000,163,2130,.779,179.3,6.49,96.6,97.6,-.201,.092,310.2,6.054
117,2000,163,2145,.726,288.7,6.336,97.2,97.7,-.191,.092,310.2,5.988
117,2000,163,2200,.851,166.6,6.529,97.9,97.7,-.167,.092,310.2,6.474
117,2000,163,2215,.622,281.2,6.874,98.2,97.7,-.201,.092,310.2,6.864
117,2000,163,2230,.669,228.5,7.17,98,97.6,-.125,.092,310.2,7.16
117,2000,163,2245,.642,201.4,7.38,97.4,97.7,-.14,.092,310.2,7.39
117,2000,163,2300,.555,87.1,7.12,95.8,97.7,-.141,.092,310.2,7.18
117,2000,163,2315,.934,337.3,7.4,96.4,97.7,-.123,.091,310.2,7.4
117,2000,163,2330,.713,221.3,7.45,94.2,97.7,-.114,.091,310.2,7.18
117,2000,163,2345,.646,280,6.951,94.7,97.7,-.126,.092,310.2,6.435
117,2000,164,0,.747,229.1,6.84,96.3,97.7,-.134,.091,310.2,6.555
117,2000,164,15,.78,138.5,6.807,96.3,97.7,-.154,.092,310.2,6.327
117,2000,164,30,.804,271.5,6.565,96.2,97.7,-.134,.092,310.2,6.012
117,2000,164,45,.987,59.08,6.266,96.1,97.7,-.082,.092,310.2,5.734
117,2000,164,100,.718,239.7,6.027,96.7,97.7,-.17,.092,310.2,5.398
117,2000,164,115,1.004,115.2,5.82,96.4,97.7,-.328,.091,310.2,5.126
117,2000,164,130,1.042,224.1,5.695,96.2,97.7,-.278,.091,310.2,4.947
117,2000,164,145,1.115,316.2,5.611,96.2,97.7,-.225,.092,310.2,4.784
117,2000,164,200,1.268,229.9,5.277,96.4,97.7,-.312,.092,310.2,4.436
117,2000,164,215,1.157,299.5,4.954,97,97.6,-.298,.092,310.2,4.204
117,2000,164,230,1.258,238.5,4.914,97.6,97.6,-.301,.092,310.2,4.086
117,2000,164,245,1.335,122,4.736,97.5,97.6,-.271,.092,310.2,3.957
117,2000,164,300,1.203,112.7,4.881,97.9,97.6,-.212,.091,310.2,3.925
117,2000,164,315,1.155,180.5,4.753,97.7,97.6,-.328,.091,310.2,3.826
117,2000,164,330,.844,252,4.742,97.7,97.7,-.189,.091,310.2,3.813
117,2000,164,345,.837,288.5,4.587,97.4,97.7,.531,.092,310.2,3.686
117,2000,164,400,.768,246.5,4.409,97,97.7,5.007,.105,310.2,3.547
117,2000,164,415,.891,279.6,4.361,97.4,97.7,17.2,.123,310.2,3.469
117,2000,164,430,1.453,107.5,4.446,97.8,97.7,43.75,.145,310.2,3.655
117,2000,164,445,1.363,63.57,4.77,97.9,97.7,72.7,.174,310.2,3.917
117,2000,164,500,1.912,121.1,5.039,98,97.7,154.6,.214,310.2,4.691
117,2000,164,515,1.491,207,5.85,95.8,97.8,234.1,.285,310.2,5.676
117,2000,164,530,1.256,175.8,6.314,93,97.8,307.7,.428,310.2,6.394
117,2000,164,545,1.704,107.5,7.04,89.5,97.8,379.6,.697,310.2,7.38
117,2000,164,600,2.142,90.3,8.03,82,97.8,461.4,1.159,310.2,8.63
117,2000,164,615,2.244,54.04,9.02,72.9,97.8,543.7,1.882,310.2,9.24
117,2000,164,630,2.581,57.22,9.98,66.73,97.8,634.5,2.942,310.2,12.44
117,2000,164,645,3.173,60.02,10.93,60.24,97.8,726,4.406,310.2,12.19
117,2000,164,700,2.914,58.29,11.76,54.62,97.8,817,6.282,310.2,11.65
117,2000,164,715,3.162,61.17,11.73,53.45,97.8,906,8.58,310.2,11.08
117,2000,164,730,2.607,50.38,12.15,53.41,97.9,995,11.36,310.2,11.61
117,2000,164,745,2.798,65.91,12.46,52.26,97.9,1082,14.59,310.2,11.83
117,2000,164,800,3.207,74.9,12.51,51.96,97.9,1165,18.19,310.2,11.96
117,2000,164,815,3.04,81.4,12.81,50.58,97.9,1245,22.06,310.2,12.27
117,2000,164,830,3.148,78.9,13.15,46.55,97.8,1322,26.27,310.2,13.04
117,2000,164,845,3.238,79.8,13.3,42.97,97.9,1397,30.75,310.2,-6999
117,2000,164,900,2.54,98.1,13.91,42.38,97.8,1466,35.24,310.2,-6999
117,2000,164,915,2.429,86.2,14.18,41.1,97.9,1529,39.7,310.2,14.71
117,2000,164,930,2.085,100.8,14.64,40.41,97.9,1591,43.95,310.2,14.99
117,2000,164,945,2.746,99.5,14.75,38.91,97.9,1642,47.92,310.2,-6999
117,2000,164,1000,2.181,110.2,15.26,38.96,97.9,1693,51.66,310.2,15.73
117,2000,164,1015,2.723,85.5,15.39,38.16,97.9,1735,54.98,310.2,15.84
117,2000,164,1030,2.099,120.7,15.81,38.15,97.9,1769,57.71,310.2,-6999
117,2000,164,1045,1.768,137.7,15.64,39.27,97.9,1777,59.51,310.2,-6999
117,2000,164,1100,2.515,70.6,15.85,38.4,97.9,1760,61.04,310.2,16.54
117,2000,164,1115,2.034,125.3,15.97,37.18,97.9,1792,63.12,310.1,-6999
117,2000,164,1130,2.089,93.2,16.41,37.49,97.9,1874,65.92,310.1,17.22
117,2000,164,1145,2.233,91.3,16.67,36.71,97.8,1928,67.85,310.1,-6999
117,2000,164,1200,2.158,114.6,17,36.46,97.8,1940,68.44,310.1,-6999
117,2000,164,1215,1.689,218,16.74,36.47,97.8,1909,67.99,310.1,-6999
117,2000,164,1230,2.019,121.4,17.54,36.21,97.8,1889,67.12,310.1,-6999
117,2000,164,1245,2.269,118.2,18.11,35.15,97.8,1842,65.11,310.1,18.8
117,2000,164,1300,2.107,182.1,17.52,34.64,97.8,1747,61.42,310.1,-6999
117,2000,164,1315,1.883,225.6,17.8,34.82,97.8,1808,61.64,310.1,19.45
117,2000,164,1330,1.539,153.2,18.6,33.29,97.8,1785,59.17,310.1,19.52
117,2000,164,1345,2.432,112,18.56,34.23,97.8,1745,55.72,310.1,19.38
117,2000,164,1400,2.611,98.2,18.53,33.59,97.8,1703,51.88,310.1,19.21
117,2000,164,1415,2.038,182.5,18.87,33.32,97.8,1652,47.83,310.1,19.72
117,2000,164,1430,2.419,230.1,18.8,33.85,97.8,1600,43.57,310.1,19.8
117,2000,164,1445,1.571,231.2,19.85,31.3,97.7,1553,38.89,310.1,20.53
117,2000,164,1500,1.545,217.2,19.82,32.2,97.7,1493,33.74,310.1,20.34
117,2000,164,1515,2.473,143.4,20.15,34.92,97.7,1421,29.89,310.2,-6999
117,2000,164,1530,2.92,146.8,19.61,37.08,97.7,1351,25.28,310.1,20.09
117,2000,164,1545,3.169,155.9,19.39,38.23,97.7,1259,20.91,310,19.89
117,2000,164,1600,3.447,151.2,18.77,39.62,97.7,1175,17.06,310,-6999
117,2000,164,1615,3.139,161.1,18.98,39.1,97.7,1091,13.59,310,19.62
117,2000,164,1630,3.306,148.7,18.73,39.74,97.7,1006,10.55,310,19.66
117,2000,164,1645,2.859,149.4,18.7,39.93,97.7,910,7.89,310,-6999
117,2000,164,1700,2.817,148.9,18.64,40,97.7,822,5.709,310,19.1
117,2000,164,1715,2.539,133.1,18.76,39.2,97.7,730,3.95,310.1,19.04
117,2000,164,1730,2.365,146.8,18.2,40.36,97.7,636.9,2.611,310,18.88
117,2000,164,1745,2.829,156.8,18.23,40,97.7,544.6,1.644,310.1,18.67
117,2000,164,1800,2.953,144.7,17.39,41.22,97.7,454.6,.998,310,17.87
117,2000,164,1815,2.477,154.3,17.23,41.6,97.8,367,.6,310,-6999
117,2000,164,1830,2.046,160.5,16.86,42.65,97.8,284.4,.376,310,-6999
117,2000,164,1845,2.027,151.1,15.99,45.66,97.8,153.3,.259,310,-6999
117,2000,164,1900,1.323,138.4,15.03,51.55,97.8,75.9,.199,309.9,-6999
117,2000,164,1915,.913,149.2,13.98,63.59,97.8,56.4,.164,309.9,-6999
117,2000,164,1930,.693,149.4,13.02,69.17,97.8,33.73,.139,310,-6999
117,2000,164,1945,.954,211.2,12.2,71.5,97.8,13.6,.119,310,12.28
117,2000,164,2000,.857,241.3,11.56,72.4,97.8,2.823,.101,310,-6999
117,2000,164,2015,.867,202.7,10.93,76.7,97.8,.012,.092,310,10.73
117,2000,164,2030,.778,306.7,10.39,80.6,97.8,-.52,.091,310,-6999
117,2000,164,2045,.668,282.3,10.01,82.9,97.8,-.533,.091,310,9.81
117,2000,164,2100,.917,240.6,9.78,84.3,97.9,-.485,.091,310,-6999
117,2000,164,2115,1.138,65.14,9.27,88.4,97.9,-.608,.091,310,-6999
117,2000,164,2130,1.06,131.4,8.99,90.1,97.8,-.51,.092,310,-6999
117,2000,164,2145,.843,303.2,8.77,91.9,97.8,-.505,.091,310,-6999
117,2000,164,2200,1.032,243.8,8.6,93.5,97.8,-.418,.091,310,-6999
117,2000,164,2215,1.285,175,8.43,94.5,97.8,-.572,.091,310,8.05
117,2000,164,2230,1.044,145.2,8.25,94.9,97.8,-.572,.091,310,-6999
117,2000,164,2245,1.064,93.2,8.06,95.2,97.8,-.608,.091,310,-6999
117,2000,164,2300,1.113,174.2,8,95.5,97.8,-.596,.09,310,-6999
117,2000,164,2315,1.009,50.36,7.77,95.7,97.8,-.441,.091,310,-6999
117,2000,164,2330,.94,291.7,7.74,96.6,97.8,-.585,.091,310,-6999
117,2000,164,2345,1.281,248.7,7.73,96.1,97.8,-.493,.092,310,7.15
117,2000,165,0,1.422,81.8,7.56,96.7,97.8,-.534,.091,310,7.03
117,2000,165,15,.683,294.1,7.49,96.9,97.8,-.536,.091,310,6.998
117,2000,165,30,1.219,277.1,7.61,96.8,97.8,-.508,.091,310,7.08
117,2000,165,45,1.503,248.2,7.65,96.9,97.8,-.407,.091,310,-6999
117,2000,165,100,.838,283.8,7.78,96.6,97.8,-.417,.091,310.1,-6999
117,2000,165,115,1.559,205.4,7.87,95.9,97.8,-.502,.091,310.1,7.41
117,2000,165,130,.806,275.6,7.88,95.5,97.8,-.526,.091,310.1,-6999
117,2000,165,145,.513,291,7.79,94.9,97.8,-.621,.091,310.1,7.35
117,2000,165,200,.75,280.7,7.57,95.6,97.8,-.438,.091,310.1,-6999
117,2000,165,215,1.001,145.2,7.38,96.3,97.8,-.518,.091,310.1,-6999
117,2000,165,230,.71,193.7,7.18,96.4,97.8,-.498,.092,310.1,6.689
117,2000,165,245,.819,169.4,7.06,96.7,97.8,-.457,.091,310.1,-6999
117,2000,165,300,.778,269.1,7.06,97.3,97.8,-.522,.091,310.1,-6999
117,2000,165,315,1.016,243.5,6.974,97.3,97.8,-.522,.091,310.1,6.46
117,2000,165,330,1.176,150.6,6.961,97.6,97.8,-.353,.091,310.1,-6999
117,2000,165,345,1.572,32.61,7.17,96.2,97.8,.069,.093,310.1,-6999
117,2000,165,400,1.279,39.35,7.44,93.4,97.8,3.434,.101,310.1,-6999
117,2000,165,415,1.168,62.97,7.35,92.5,97.8,9.43,.117,310.1,-6999
117,2000,165,430,1.158,99.5,7.41,92.9,97.8,21.47,.14,310.1,-6999
117,2000,165,445,1.478,45.45,7.3,91.5,97.9,44.54,.168,310.1,-6999
117,2000,165,500,1.635,32.54,7.48,86,97.8,83.9,.203,310.1,7
117,2000,165,515,1.044,119,7.97,83.9,97.9,136.8,.265,310.1,-6999
117,2000,165,530,1.785,42.49,8.41,78.8,97.9,183.9,.391,310.1,8.08
117,2000,165,545,1.776,35.49,9.56,72.4,97.9,256.1,.667,310.1,-6999
117,2000,165,600,2.051,43.1,10.59,65.18,97.9,339.3,1.118,310.1,10.65
117,2000,165,615,1.686,51.45,11.24,64.48,97.9,426.4,1.789,310.1,11.44
117,2000,165,630,2.331,57.29,11.59,62.35,97.9,394.9,2.507,310.1,12.16
117,2000,165,645,2.339,56.68,11.64,59.76,97.9,405.5,3.619,310.1,-6999
117,2000,165,700,2.619,50,11.74,60.17,97.9,430.9,4.848,310.1,12.35
117,2000,165,715,2.154,62.68,11.95,60.6,97.9,430.6,6.159,310.1,-6999
117,2000,165,730,1.955,57.77,12.18,60.82,97.9,512.9,8.42,310.1,12.97
117,2000,165,745,1.454,88.8,12.7,59.98,97.9,601.1,10.79,310.1,-6999
117,2000,165,800,1.664,89.2,13.18,58.28,97.9,668.1,13.4,310.1,-6999
117,2000,165,815,1.522,111.6,13.53,57.5,97.9,758,16.41,310.1,-6999
117,2000,165,830,2.084,76,13.63,57.5,97.9,719,17.41,310.1,-6999
117,2000,165,845,2.329,75,13.65,59.39,97.9,747,20.41,310.1,15.21
117,2000,165,900,2.248,89.4,14.11,59.34,97.9,984,27.12,310.1,15.79
117,2000,165,915,2.501,81.2,14.57,56.7,97.9,1026,30.36,310.1,16
117,2000,165,930,1.944,69.8,14.95,57.18,97.9,1057,33.53,310.1,16.53
117,2000,165,945,2.743,84.6,15.51,54.02,97.9,1245,39.64,310.1,-6999
117,2000,165,1000,2.441,88.7,15.89,51.82,97.9,1335,44.14,310.1,17.11
117,2000,165,1015,2.2,83.3,16.42,50.86,97.9,1259,44.16,310.1,-6999
117,2000,165,1030,3.374,86.1,16.29,49.21,97.9,1249,45.54,310.1,17.57
117,2000,165,1045,2.681,97.4,16.6,49.53,97.9,1374,51.03,310.1,17.86
117,2000,165,1100,2.463,104,17.34,48.69,97.8,1552,57.56,310.1,19.12
117,2000,165,1115,3.595,64.48,17.47,48.03,97.8,1717,63.68,310.1,18.56
117,2000,165,1130,3.419,74.8,17.47,47.31,97.8,1593,60.91,310.1,18.35
117,2000,165,1145,3.375,79.6,17.89,46.01,97.8,1647,62.6,310.1,18.69
117,2000,165,1200,3.651,76,17.81,44.69,97.8,1576,60.16,310.1,-6999
117,2000,165,1215,3.157,103.5,18.02,44.72,97.8,1618,61.45,310.1,19.21
117,2000,165,1230,3.559,100.7,18.22,43.41,97.8,1776,65.54,310.1,19.48
117,2000,165,1245,3.315,92.1,18.48,44.77,97.7,1860,67.34,310.1,19.26
117,2000,165,1300,3.409,105.4,18.69,43.41,97.7,1582,57.23,310,-6999
117,2000,165,1315,3.254,115.2,18.45,46.07,97.7,1485,52.46,310,-6999
117,2000,165,1330,3.238,113.3,19.02,44.75,97.7,1625,53.56,310,20.33
117,2000,165,1345,2.59,116.7,19.6,44.61,97.7,1524,48.7,310,-6999
117,2000,165,1400,3.325,116.5,19.73,42.04,97.7,1478,45.53,310,-6999
117,2000,165,1415,2.525,120.3,19.88,42.62,97.7,1450,41.58,310,-6999
117,2000,165,1430,3.674,105.6,19.46,46.53,97.7,1072,30.58,310,-6999
117,2000,165,1445,2.883,119.3,18.92,51.68,97.7,831,22.63,310,20.16
117,2000,165,1500,3.297,115.7,18.54,52.63,97.7,737,19.7,310,19.67
117,2000,165,1515,2.835,124.9,18.43,53.3,97.6,620.9,15.22,310,19.64
117,2000,165,1530,3.024,103.7,18.21,53.3,97.6,591.2,12.9,310,-6999
117,2000,165,1545,2.542,137.5,18.28,54.33,97.6,564.4,11.3,310,-6999
117,2000,165,1600,2.587,119.9,18.2,55.4,97.6,509.6,9.21,310,19.29
117,2000,165,1615,3.162,116.8,18.03,55.86,97.6,406.5,6.595,310,18.99
117,2000,165,1630,2.893,124.8,17.69,57.47,97.6,261.1,3.771,310,18.46
117,2000,165,1645,2.888,143.9,17.66,59.24,97.6,345.4,4.065,310,18.45
117,2000,165,1700,2.552,146.4,17.39,62.74,97.6,306.9,2.958,310,-6999
117,2000,165,1715,2.45,140.2,17.17,63.3,97.6,279.9,2.144,310,18.04
117,2000,165,1730,2.143,136.9,17.15,62.39,97.6,292.1,1.66,310,17.96
117,2000,165,1745,2.094,130.4,17.11,62.34,97.6,285.6,1.219,310,17.95
117,2000,165,1800,1.87,135.8,16.93,62.48,97.7,214.3,.74,310,17.58
117,2000,165,1815,2.183,147.1,16.58,62.69,97.7,179.6,.439,310,-6999
117,2000,165,1830,2.115,139.9,16.46,63.73,97.7,163.2,.266,310,-6999
117,2000,165,1845,2.741,145.9,16.01,64.97,97.7,125,.187,310,-6999
117,2000,165,1900,1.603,142,15.77,66.39,97.7,85.8,.158,310,-6999
117,2000,165,1915,2.072,128.4,15.33,67.09,97.6,50.15,.141,310,15.51
117,2000,165,1930,2.019,134.2,14.93,67.99,97.6,24.74,.124,310,15.02
117,2000,165,1945,2.291,134.3,14.58,69.24,97.6,8.17,.107,310,-6999
117,2000,165,2000,2.379,140,14.31,70.8,97.6,1.673,.096,310,14.32
117,2000,165,2015,2.201,146.9,14.1,72.6,97.6,-.219,.092,310,-6999
117,2000,165,2030,2.219,143.5,13.91,74.3,97.6,-.464,.092,310,-6999
117,2000,165,2045,1.959,142.3,13.73,75.8,97.6,-.464,.092,310,13.65
117,2000,165,2100,2.098,143.2,13.53,77.3,97.6,-.507,.091,310,-6999
117,2000,165,2115,2.011,138,13.37,78.1,97.6,-.37,.091,310,13.2
117,2000,165,2130,1.304,144.1,13.22,79.3,97.7,-.477,.091,310,-6999
117,2000,165,2145,1.576,134.9,12.78,81.6,97.7,-.537,.091,310,-6999
117,2000,165,2200,1.924,140.6,12.66,82.1,97.7,-.427,.091,310,12.37
117,2000,165,2215,3.218,141.8,12.45,83.8,97.6,-.334,.092,310,-6999
117,2000,165,2230,2.907,148.9,12.31,85.5,97.7,-.364,.091,310,-6999
117,2000,165,2245,2.632,147.3,12.32,86.1,97.7,-.385,.091,310,-6999
117,2000,165,2300,2.317,155,12.31,86.3,97.7,-.374,.091,310,-6999
117,2000,165,2315,2.214,140.7,12.18,87,97.7,-.352,.092,310,-6999
117,2000,165,2330,1.903,125.8,12.33,86.9,97.7,-.386,.092,310,-6999
117,2000,165,2345,2.222,130.7,12.29,87.1,97.7,-.415,.092,310,-6999
117,2000,166,0,2.212,126.7,12.3,87,97.7,-.367,.092,310,12.26
117,2000,166,15,2.717,122.9,12.33,87.1,97.6,-.357,.092,310,-6999
117,2000,166,30,2.492,123.2,12.33,87.4,97.7,-.441,.091,310,12.28
117,2000,166,45,2.555,131.2,12.25,88,97.6,-.394,.091,310,-6999
117,2000,166,100,2.598,126.4,12.1,89.6,97.6,-.383,.091,310,12.07
117,2000,166,115,2.685,128.2,11.82,92.2,97.6,-.454,.091,310,11.82
117,2000,166,130,2.939,130.5,11.66,93.3,97.6,-.478,.091,310,11.66
117,2000,166,145,2.733,132,11.49,94.6,97.6,-.423,.091,310,11.5
117,2000,166,200,2.614,136.6,11.37,95.6,97.6,-.422,.091,310,11.39
117,2000,166,215,2.596,136.4,11.39,94.7,97.6,-.492,.091,310,-6999
117,2000,166,230,3.097,139.3,11.5,92.1,97.6,-.57,.09,310,11.5
117,2000,166,245,2.995,142.9,11.49,91,97.6,-.454,.091,310,-6999
117,2000,166,300,2.714,132.7,11.4,91.7,97.5,-.555,.091,310.1,-6999
117,2000,166,315,3.027,138.6,11.3,91.3,97.5,-.56,.091,310.1,-6999
117,2000,166,330,2.579,141.2,11.24,90.9,97.6,-.369,.091,310.1,11.23
117,2000,166,345,2.505,134.5,11.14,90.1,97.6,-.216,.093,310.1,-6999
117,2000,166,400,2.156,138.5,11,89.9,97.6,.607,.094,310.1,11.05
117,2000,166,415,2.509,135.4,10.87,89.9,97.6,2.847,.095,310.1,-6999
117,2000,166,430,2.159,120.5,10.8,89.8,97.6,7.91,.106,310.1,10.82
117,2000,166,445,1.948,114.1,10.69,89.6,97.6,14.53,.113,310.1,-6999
117,2000,166,500,2.175,115.3,10.6,90.2,97.6,31.54,.133,310.1,-6999
117,2000,166,515,2.261,117,10.51,90.7,97.6,47.16,.157,310.1,10.6
117,2000,166,530,2.87,116.7,10.42,90.6,97.6,58.98,.2,310.1,-6999
117,2000,166,545,2.547,121.7,10.36,90.9,97.6,60.56,.269,310.1,-6999
117,2000,166,600,2.347,125.8,10.39,90.9,97.6,74.9,.397,310.1,-6999
117,2000,166,615,2.512,130.9,10.37,91.5,97.6,108.5,.702,310.1,-6999
117,2000,166,630,2.244,118,10.39,91.9,97.6,153.3,1.159,310.1,10.83
117,2000,166,645,2.455,121,10.54,90.8,97.6,161,1.565,310.1,10.96
117,2000,166,700,2.433,120.4,10.71,89.2,97.6,207.2,2.389,310.1,11.21
117,2000,166,715,2.355,127.1,10.95,88.2,97.6,240.8,3.517,310.1,11.5
117,2000,166,730,2.594,121.8,11.11,87.6,97.6,320.5,4.915,310.1,11.92
117,2000,166,745,2.616,130,11.17,87.7,97.6,261.7,4.842,310.1,11.98
117,2000,166,800,1.898,119.6,11.41,87.5,97.6,257.1,5.7,310.1,12.02
117,2000,166,815,2.124,116,11.47,87.6,97.6,271.5,6.858,310.1,12.18
117,2000,166,830,1.766,119.6,11.51,88.2,97.6,256.6,6.682,310.1,-6999
117,2000,166,845,2.368,96.7,11.55,88.3,97.6,248.4,7.18,310.1,12.09
117,2000,166,900,2.066,123.5,11.65,88.3,97.6,275.8,8.5,310.1,12.41
117,2000,166,915,2.326,110.6,11.65,88.7,97.6,243.7,7.98,310.1,12.25
117,2000,166,930,2.825,113.2,11.48,89.8,97.6,241,8.14,310.1,-6999
117,2000,166,945,2.627,101.3,11.59,89.8,97.6,227.5,7.76,310.1,-6999
117,2000,166,1000,2.549,100.7,11.46,90.5,97.6,197.8,6.875,310.1,-6999
117,2000,166,1015,2.648,102.1,11.57,91,97.6,224.5,8.34,310.1,12.28
117,2000,166,1030,2.973,114.4,11.41,93,97.6,240.4,9.22,310.1,11.99
117,2000,166,1045,2.495,119.8,11.33,94.6,97.6,184.7,6.921,310.1,-6999
117,2000,166,1100,2.298,110.1,11.3,95.9,97.6,150.1,5.502,310.1,11.55
117,2000,166,1115,2.357,111.1,11.4,96.4,97.6,316.6,12.63,310.1,11.69
117,2000,166,1130,2.579,115.6,11.56,96.4,97.6,224,8.55,310.1,11.79
117,2000,166,1145,2.447,114,11.49,96.6,97.6,250.1,9.83,310.1,-6999
117,2000,166,1200,2.498,113.8,11.76,96.3,97.5,360.1,15.2,310.1,-6999
117,2000,166,1215,2.746,114,11.9,96,97.5,296.5,12.95,310.1,-6999
117,2000,166,1230,2.458,121.7,11.86,95.6,97.5,243.5,9.59,310.1,12.53
117,2000,166,1245,2.149,118.4,11.87,96,97.5,234.8,9.4,310.1,12.63
117,2000,166,1300,2.557,110.9,11.99,95.5,97.5,234.3,9.34,310.1,12.82
117,2000,166,1315,2.267,128.9,12.12,95.2,97.5,312.8,12.65,310,13.11
117,2000,166,1330,2.353,120.2,12.27,94.3,97.5,281.4,11.16,310,-6999
117,2000,166,1345,2.68,118.4,12.33,94.3,97.5,328.8,12.28,310,13.28
117,2000,166,1400,2.677,122.6,12.47,93,97.5,267.1,9.53,310,13.33
117,2000,166,1415,1.963,110.8,12.73,91.6,97.5,244.5,8.71,310,13.49
117,2000,166,1430,1.951,122.3,12.92,90.6,97.5,226.8,8.18,310,-6999
117,2000,166,1445,1.912,115.5,13.27,89.2,97.5,350.6,10.95,310,-6999
117,2000,166,1500,2.188,105.8,13.94,86.7,97.4,431.9,13.33,310,-6999
117,2000,166,1515,2.222,121.5,14.25,85.3,97.4,320.5,9.44,310,15.06
117,2000,166,1530,2.981,125.2,14.42,83.3,97.4,416.8,9.72,310,-6999
117,2000,166,1545,3.383,122.2,14.62,80,97.4,456.6,9.49,310,-6999
117,2000,166,1600,3.551,126.2,14.52,79.8,97.4,421.8,8.2,310,-6999
117,2000,166,1615,3.72,123.8,14.15,81.2,97.4,222.1,3.983,310,-6999
117,2000,166,1630,3.209,129.4,14.06,82,97.4,412.8,4.842,310,-6999
117,2000,166,1645,2.222,125,14.24,82.2,97.3,209.2,2.677,310,-6999
117,2000,166,1700,2.674,111.5,14.15,82.9,97.3,239.3,2.694,310,14.74
117,2000,166,1715,2.873,126.6,14,82.9,97.3,193.1,1.795,310,-6999
117,2000,166,1730,2.963,128.3,13.9,83.4,97.3,120.1,.998,310,14.42
117,2000,166,1745,2.963,122.6,13.69,84.3,97.3,92.3,.643,310,13.98
117,2000,166,1800,2.979,116.3,13.66,84.2,97.2,147.4,.557,310,-6999
117,2000,166,1815,2.975,119.6,13.62,84.3,97.2,100.3,.357,310,-6999
117,2000,166,1830,2.842,123.5,13.46,85.1,97.2,39.28,.191,310.1,13.7
117,2000,166,1845,2.485,124.3,13.38,86,97.3,24.8,.147,310,13.53
117,2000,166,1900,2.332,128.1,13.29,86.7,97.2,13.79,.121,310.1,13.42
117,2000,166,1915,2.268,124.6,13.26,86.7,97.3,10.33,.115,310.1,13.33
117,2000,166,1930,2.643,113.9,13.2,87,97.3,8.97,.114,310.1,13.24
117,2000,166,1945,2.448,118.6,13.09,87.4,97.2,3.686,.107,310.1,-6999
117,2000,166,2000,2.833,119.3,12.93,88.2,97.2,.922,.096,310.1,12.98
117,2000,166,2015,2.661,126.6,12.81,88.5,97.2,-.358,.092,310.1,-6999
117,2000,166,2030,2.576,115.3,12.7,88.6,97.2,-.808,.091,310.1,-6999
117,2000,166,2045,2.621,120.1,12.65,88.5,97.2,-.799,.091,310.1,12.67
117,2000,166,2100,2.413,118.4,12.65,88.7,97.2,-.779,.09,310.1,12.65
117,2000,166,2115,2.319,127.1,12.62,88.8,97.3,-.805,.091,310.1,-6999
117,2000,166,2130,2.418,121.4,12.6,89.1,97.3,-.724,.091,310.1,12.62
117,2000,166,2145,2.129,121.5,12.56,89.1,97.2,-.891,.09,310.1,12.54
117,2000,166,2200,1.88,123.2,12.52,89.4,97.2,-.767,.09,310.1,12.54
117,2000,166,2215,2.051,115,12.49,89.6,97.2,-.715,.09,310.1,-6999
117,2000,166,2230,2.066,110.7,12.46,89.6,97.2,-.643,.09,310.1,-6999
117,2000,166,2245,2.462,118.3,12.36,90.2,97.1,-.642,.09,310.1,-6999
117,2000,166,2300,2.691,126.5,12.25,90.9,97.1,-.714,.09,310.1,12.33
117,2000,166,2315,2.41,125.6,12.17,91.6,97.1,-.677,.09,310.1,-6999
117,2000,166,2330,2.136,117,12.09,92.3,97.1,-.737,.09,310.1,-6999
117,2000,166,2345,2.176,125.7,12.05,92.8,97.1,-.633,.091,310.1,-6999
117,2000,167,0,1.689,129.3,12.06,93,97.1,-.661,.091,310.1,12.05
117,2000,167,15,1.95,119.3,11.98,93.6,97.1,-.496,.091,310.1,-6999
117,2000,167,30,1.67,134.4,11.97,94,97.1,-.722,.091,310,12.01
117,2000,167,45,1.657,129.6,11.95,94.3,97.1,-.682,.091,310.1,11.99
117,2000,167,100,1.476,114.6,11.94,94.5,97.1,-.575,.09,310.1,11.92
117,2000,167,115,1.48,125.8,11.92,94.9,97,-.599,.09,310.1,11.9
117,2000,167,130,1.727,157.9,11.85,95.5,97,-.677,.09,310.1,11.85
117,2000,167,145,1.37,172.7,11.87,95.7,97.1,-.675,.09,310.1,11.9
117,2000,167,200,1.179,138.3,11.83,95.7,97.1,-.713,.09,310.1,11.81
117,2000,167,215,1.063,102.3,11.79,95.9,97,-.609,.09,310.1,11.72
117,2000,167,230,1.413,103.5,11.74,96.3,97,-.742,.09,310.1,11.72
117,2000,167,245,1.595,104.3,11.69,96.6,96.9,-.749,.09,310.1,11.62
117,2000,167,300,1.282,110.9,11.66,96.8,96.9,-.631,.09,310.1,-6999
117,2000,167,315,1.667,110.9,11.59,97.1,96.9,-.591,.09,310.1,11.56
117,2000,167,330,1.388,125.7,11.55,97.3,96.9,-.557,.091,310.1,11.52
117,2000,167,345,1.362,135.5,11.55,97.5,96.9,-.593,.091,310.1,-6999
117,2000,167,400,1.413,188.5,11.59,97.7,96.9,-.353,.091,310.1,11.66
117,2000,167,415,1.567,154.8,11.62,97.7,96.9,.174,.091,310.1,-6999
117,2000,167,430,2.071,106.7,11.52,98.1,96.8,1.483,.093,310.1,-6999
117,2000,167,445,1.94,85.5,11.46,98.5,96.7,6.517,.102,310.1,-6999
117,2000,167,500,1.491,159.5,11.57,98.8,96.8,8.87,.109,310.1,-6999
117,2000,167,515,1.496,166.4,11.69,98.8,96.8,8.52,.114,310.1,11.49
117,2000,167,530,1.308,132.2,11.71,98.8,96.8,23.12,.141,310.1,11.53
117,2000,167,545,1.756,140.9,11.69,98.8,96.8,49.78,.227,310.1,-6999
117,2000,167,600,1.065,129.4,11.74,98.9,96.8,54.88,.301,310,-6999
117,2000,167,615,.923,106.2,11.81,98.9,96.8,47.48,.334,310,-6999
117,2000,167,630,1.028,124.2,11.86,98.9,96.8,90.2,.766,310,-6999
117,2000,167,645,1.423,122.4,11.96,98.9,96.8,114.3,1.367,310,11.97
117,2000,167,700,1.495,115.1,12.14,98.9,96.7,182.7,2.465,310,12.31
117,2000,167,715,1.696,125.2,12.29,98.8,96.7,206.8,3.152,310,12.55
117,2000,167,730,1.803,140.8,12.6,98.7,96.7,280.2,4.594,310,-6999
117,2000,167,745,2.36,142.1,12.76,98.2,96.7,273.4,5.679,310,13.15
117,2000,167,800,2.355,142.1,12.86,97.9,96.7,209.9,5.227,310,13.22
117,2000,167,815,2.467,144.3,12.77,97.9,96.7,215.7,6.126,310,13.19
117,2000,167,830,1.956,140.3,12.98,98,96.7,308.6,8.34,310,-6999
117,2000,167,845,2.011,131.7,13.3,97.4,96.7,273.7,7.46,310,-6999
117,2000,167,900,2.238,138.1,13.34,97.1,96.7,296.3,8.99,310,13.97
117,2000,167,915,2.283,141.8,13.45,96.9,96.7,318.9,9.78,310,-6999
117,2000,167,930,1.818,131.1,13.61,96.5,96.7,264.2,8.81,310,14.33
117,2000,167,945,1.587,131,13.98,95.9,96.6,337.9,12.31,310,14.73
117,2000,167,1000,1.871,138.5,14.09,95.3,96.6,220.9,8.28,310,14.73
117,2000,167,1015,1.939,137.8,14.24,95.7,96.6,334.2,13.53,310,-6999
117,2000,167,1030,2.24,137.4,14.24,95.4,96.6,150.8,5.002,310,14.85
117,2000,167,1045,1.584,156.6,14.09,96.5,96.6,87.8,2.376,310,-6999
117,2000,167,1100,1.924,137.7,14.14,97.1,96.6,212.9,8.95,310,14.38
117,2000,167,1115,1.898,121.3,14.51,96.9,96.6,396.3,18.06,310,-6999
117,2000,167,1130,2.155,132.7,14.75,96.4,96.6,463.6,21.4,310,15.62
117,2000,167,1145,1.786,136.5,15.45,95,96.5,507.5,23.48,310,-6999
117,2000,167,1200,1.474,128.9,15.82,94.1,96.5,401.7,18.88,310,16.66
117,2000,167,1215,1.433,131.1,16.06,93.2,96.5,416.4,19.37,310,16.79
117,2000,167,1230,1.499,115,16.44,92.3,96.5,457.4,21.92,310,17.19
117,2000,167,1245,1.323,132.1,16.92,90.5,96.5,592.7,27.02,310,-6999
117,2000,167,1300,2.275,137.8,16.93,89.6,96.5,634,27.52,310,18.25
117,2000,167,1315,2.369,129.2,17.69,88,96.5,885,37.1,310,19.23
117,2000,167,1330,2.672,133.7,18.27,86.2,96.4,1093,42.77,310.1,19.94
117,2000,167,1345,3.358,140.2,18.9,84.2,96.4,1241,44.79,310.2,20.73
117,2000,167,1400,3.038,151.5,20.12,80.1,96.4,1618,53.5,310.4,21.46
117,2000,167,1415,3.254,159,20.53,78.4,96.4,1322,43.81,310.6,21.82
117,2000,167,1430,3.428,145,20.68,79.1,96.3,1024,32.74,310.5,-6999
117,2000,167,1445,3.348,145.9,20.77,79,96.3,1177,34.18,310.6,22.18
117,2000,167,1500,3.165,143.7,21.56,76.2,96.3,1296,33.73,310.6,-6999
117,2000,167,1515,3.765,139.1,21.88,75.3,96.3,1150,28.17,310.6,-6999
117,2000,167,1530,3.032,145.7,21.26,78.8,96.3,376.7,13.23,310.6,22.12
117,2000,167,1545,2.685,141.7,20.79,81.1,96.3,225.6,6.707,310.6,21.41
117,2000,167,1600,1.892,141.3,20.73,82.7,96.2,157.4,3.439,310.6,21.04
117,2000,167,1615,1.272,150.2,20.54,83.9,96.3,99.1,1.861,310.5,20.51
117,2000,167,1630,.521,164.4,19.73,89.6,96.3,29.33,.268,310.5,19.5
117,2000,167,1645,.783,194,18.98,94.5,96.2,31.59,-6999,308.4,18.68
117,2000,167,1700,1.353,215,18.52,96.7,96.3,28.26,.289,310.3,18.39
117,2000,167,1715,1.351,173.8,18.53,97,96.3,56.96,.511,310.3,-6999
117,2000,167,1730,1.391,154.4,18.54,97.3,96.2,97.3,.764,310.4,-6999
117,2000,167,1745,1.28,155.6,18.6,97.4,96.3,39.99,.297,310.4,18.33
117,2000,167,1800,1.46,190.6,18.55,97.7,96.3,21.38,.158,310.4,18.26
117,2000,167,1815,1.54,206.4,18.7,97.6,96.3,29.95,.171,310.3,-6999
117,2000,167,1830,1.14,215.4,18.76,97.3,96.2,39.77,.161,310.3,18.37
117,2000,167,1845,1.466,194,18.73,97.2,96.2,34.17,.142,310.3,-6999
117,2000,167,1900,1.801,225.3,18.74,96.6,96.2,74.8,.137,310.4,-6999
117,2000,167,1915,1.835,224.9,18.82,96.4,96.2,65.67,.121,310.3,-6999
117,2000,167,1930,2.019,212.2,18.77,96.8,96.2,12.82,.105,310.3,-6999
117,2000,167,1945,2.272,202.1,18.72,96.7,96.2,4.806,.1,310.3,18.33
117,2000,167,2000,2.892,193.6,18.7,96.3,96.3,.692,.093,310.2,-6999
117,2000,167,2015,3.316,210.1,18.57,95.9,96.3,-.255,.092,310.1,18.21
117,2000,167,2030,2.719,222.1,18.44,95.6,96.3,-.644,.091,310.1,-6999
117,2000,167,2045,2.939,220.1,18.32,95.9,96.3,-.675,.09,310,-6999
117,2000,167,2100,2.489,219.8,18.29,95.7,96.3,-.619,.09,310,17.96
117,2000,167,2115,2.75,216.2,18.23,95.8,96.3,-.614,.09,310,17.91
117,2000,167,2130,3.137,222.9,18.22,95.5,96.4,-.637,.09,310,17.91
117,2000,167,2145,3.44,227.5,18.13,95.3,96.4,-.645,.09,310,17.9
117,2000,167,2200,3.614,223.3,18.03,95.1,96.3,-.607,.09,310,-6999
117,2000,167,2215,3.137,231.3,17.89,95.3,96.3,-.644,.091,310,-6999
117,2000,167,2230,2.464,228.6,17.82,95.4,96.4,-.634,.09,310,-6999
117,2000,167,2245,3.187,236.2,17.76,95.1,96.4,-.684,.091,310,17.48
117,2000,167,2300,2.771,234,17.69,95,96.4,-.628,.09,310,17.46
117,2000,167,2315,2.188,222.7,17.55,95.3,96.4,-.644,.09,310,17.34
117,2000,167,2330,2.255,220.2,17.43,95.6,96.4,-.569,.09,310,-6999
117,2000,167,2345,2.209,243.7,17.36,95.4,96.4,-.584,.091,310,-6999
117,2000,168,0,1.207,233.7,17.33,95.2,96.4,-.693,.09,310,-6999
117,2000,168,15,1.704,218.3,17.17,95.9,96.4,-.638,.09,310,-6999
117,2000,168,30,1.576,216.6,17.13,96,96.4,-.685,.091,310,-6999
117,2000,168,45,1.45,214.3,17.04,96.3,96.4,-.704,.09,310,16.69
117,2000,168,100,1.232,215.6,16.94,96.8,96.5,-.68,.09,310,-6999
117,2000,168,115,1.227,210.9,16.9,97.3,96.5,-.612,.09,310,-6999
117,2000,168,130,1.139,210.5,16.88,97.4,96.5,-.679,.09,310,16.55
117,2000,168,145,1.097,210.4,16.72,97.4,96.5,-.684,.09,310.1,16.16
117,2000,168,200,1.26,222.1,16.63,97.6,96.5,-.551,.09,310,-6999
117,2000,168,215,1.819,228.1,16.73,98,96.5,-.608,.09,310,16.21
117,2000,168,230,2.073,235.3,16.78,97.6,96.5,-.759,.09,310,-6999
117,2000,168,245,2.364,235.2,16.73,97.3,96.6,-.698,.09,310,16.1
117,2000,168,300,2.263,244.6,16.68,96.9,96.5,-.704,.09,310,16.13
117,2000,168,315,2.029,240.6,16.56,96.7,96.6,-.639,.09,310,-6999
117,2000,168,330,2.114,233.6,16.42,96.9,96.6,-.716,.09,310,15.79
117,2000,168,345,1.224,229.3,16.27,97.1,96.6,.1,.091,310,15.69
117,2000,168,400,1.455,219.4,16.05,97.2,96.6,3.35,.098,310,-6999
117,2000,168,415,1.892,222.8,15.89,96.8,96.6,11.75,.118,310,-6999
117,2000,168,430,1.045,247.8,15.66,96.5,96.6,25.36,.141,310,14.91
117,2000,168,445,1.085,231.6,15.54,96.7,96.6,44.41,.16,310,14.89
117,2000,168,500,1.106,228.7,15.62,96.2,96.6,80.5,.2,310,-6999
117,2000,168,515,1.018,234.6,15.83,95.5,96.6,183,.287,310,-6999
117,2000,168,530,.538,174.5,16.09,94.4,96.6,265.2,.444,310,-6999
117,2000,168,545,.779,210.5,16.45,92.6,96.6,351.7,.736,310.1,16.43
117,2000,168,600,1.092,244.2,16.9,90.6,96.6,431.4,1.258,310.2,-6999
117,2000,168,615,1.709,244,17.26,87.1,96.6,522.4,2.087,310.2,17.72
117,2000,168,630,1.649,228.8,18.03,82.4,96.6,613,3.304,310.2,19.31
117,2000,168,645,1.568,212.2,18.94,78.7,96.6,701,4.969,310.2,19.72
117,2000,168,700,1.974,221.4,19.29,77.1,96.6,799,7.17,310.3,-6999
117,2000,168,715,1.743,216.3,19.63,76,96.6,886,9.76,310.3,19.04
117,2000,168,730,2.023,205.9,19.84,75.7,96.7,994,12.82,310.3,19.38
117,2000,168,745,2.069,187.9,20.12,77.1,96.7,1085,16.26,310.4,-6999